HOH
   1  DUMM  DU      0   -1   -2      0.000     0.000     0.000   0.00000   0
   2  DUMM  DU      1    0   -1      1.000     0.000     0.000   0.00000   0
   3  DUMM  DU      2    1    0      1.000    90.000     0.000   0.00000   0
   4  O     OT      3    2    1      1.000   101.430   -98.980  -0.83400   1
   5  H1    HT      4    3    2      0.9572  127.740    90.000   0.41700   2
   6  H2    HT      4    3    2      0.9572  127.740   -90.000   0.41700   3
DONE
FE  
   1  DUMM  DU      0   -1   -2      0.000     0.000     0.000   0.00000   0
   2  DUMM  DU      1    0   -1      1.000     0.000     0.000   0.00000   0
   3  DUMM  DU      2    1    0      1.000    90.000     0.000   0.00000   0
   4  FE    FE      3    2    1      1.000    90.000     0.000   2.00000   1
DONE
ZN  
   1  DUMM  DU      0   -1   -2      0.000     0.000     0.000   0.00000   0
   2  DUMM  DU      1    0   -1      1.000     0.000     0.000   0.00000   0
   3  DUMM  DU      2    1    0      1.000    90.000     0.000   0.00000   0
   4  ZN    ZN      3    2    1      1.000    90.000     0.000   2.00000   1
DONE
MG  
   1  DUMM  DU      0   -1   -2      0.000     0.000     0.000   0.00000   0
   2  DUMM  DU      1    0   -1      1.000     0.000     0.000   0.00000   0
   3  DUMM  DU      2    1    0      1.000    90.000     0.000   0.00000   0
   4  MG    MG      3    2    1      1.000    90.000     0.000   2.00000   1
DONE
CAL 
   1  DUMM  DU      0   -1   -2      0.000     0.000     0.000   0.00000   0
   2  DUMM  DU      1    0   -1      1.000     0.000     0.000   0.00000   0
   3  DUMM  DU      2    1    0      1.000    90.000     0.000   0.00000   0
   4  CAL   C0      3    2    1      1.000    90.000     0.000   2.00000   1
DONE
