CALA
   1  DUMM  DU      0   -1   -2      0.000      0.000      0.000  0.00000     0
   2  DUMM  DU      1    0   -1      1.449      0.000      0.000  0.00000     0
   3  DUMM  DU      2    1    0      1.522    111.100      0.000  0.00000     0
   4  N     N       3    2    1      1.335    116.600    180.000 -0.38210     1
   5  H     H       4    3    2      1.010    119.800      0.000  0.26810     2
   6  CA    CT      4    3    2      1.449    121.900    180.000 -0.17470     3
   7  HA    H1      6    4    3      1.090    109.500    300.000  0.10670     4
   8  CB    CT      6    4    3      1.525    111.100     60.000 -0.20930     5
   9  HB1   HC      8    6    4      1.090    109.500     60.000  0.07640     6
  10  HB2   HC      8    6    4      1.090    109.500    180.000  0.07640     7
  11  HB3   HC      8    6    4      1.090    109.500    300.000  0.07640     8
  12  C     C       6    4    3      1.522    111.100    180.000  0.77310     9
  13  O     O2     12    6    4      1.229    120.500      0.000 -0.80550    10
  14  OXT   O2     12    6    4      1.229    120.500    180.000 -0.80550    11
DONE
CGLY
   1  DUMM  DU      0   -1   -2      0.000      0.000      0.000  0.00000     0
   2  DUMM  DU      1    0   -1      1.449      0.000      0.000  0.00000     0
   3  DUMM  DU      2    1    0      1.522    111.100      0.000  0.00000     0
   4  N     N       3    2    1      1.335    116.600    180.000 -0.38210     1
   5  H     H       4    3    2      1.010    119.800      0.000  0.26810     2
   6  CA    CT      4    3    2      1.449    121.900    180.000 -0.24930     3
   7  HA2   H1      6    4    3      1.090    109.500    300.000  0.10560     4
   8  HA3   H1      6    4    3      1.090    109.500     60.000  0.10560     5
   9  C     C       6    4    3      1.522    110.400    180.000  0.72310     6
  10  O     O2      9    6    4      1.229    120.500      0.000 -0.78550     7
  11  OXT   O2      9    6    4      1.229    120.500    180.000 -0.78550     8
DONE
CSER
   1  DUMM  DU      0   -1   -2      0.000      0.000      0.000  0.00000     0
   2  DUMM  DU      1    0   -1      1.449      0.000      0.000  0.00000     0
   3  DUMM  DU      2    1    0      1.522    111.100      0.000  0.00000     0
   4  N     N       3    2    1      1.335    116.600    180.000 -0.38210     1
   5  H     H       4    3    2      1.010    119.800      0.000  0.26810     2
   6  CA    CT      4    3    2      1.449    121.900    180.000 -0.27220     3
   7  HA    H1      6    4    3      1.090    109.500    300.000  0.13040     4
   8  CB    CT      6    4    3      1.525    111.100     60.000  0.11230     5
   9  HB2   H1      8    6    4      1.090    109.500    300.000  0.08130     6
  10  HB3   H1      8    6    4      1.090    109.500     60.000  0.08130     7
  11  OG    OH      8    6    4      1.430    109.470    180.000 -0.65140     8
  12  HG    HO     11    8    6      0.960    109.470    180.000  0.44740     9
  13  C     C       6    4    3      1.522    111.100    180.000  0.81130    10
  14  O     O2     13    6    4      1.229    120.500      0.000 -0.81320    11
  15  OXT   O2     13    6    4      1.229    120.500    180.000 -0.81320    12
DONE
CTHR
   1  DUMM  DU      0   -1   -2      0.000      0.000      0.000  0.00000     0
   2  DUMM  DU      1    0   -1      1.449      0.000      0.000  0.00000     0
   3  DUMM  DU      2    1    0      1.522    111.100      0.000  0.00000     0
   4  N     N       3    2    1      1.335    116.600    180.000 -0.38210     1
   5  H     H       4    3    2      1.010    119.800      0.000  0.26810     2
   6  CA    CT      4    3    2      1.449    121.900    180.000 -0.24200     3
   7  HA    H1      6    4    3      1.090    109.500    300.000  0.12070     4
   8  CB    CT      6    4    3      1.525    111.100     60.000  0.30250     5
   9  HB    H1      8    6    4      1.090    109.500    180.000  0.00780     6
  10  CG2   CT      8    6    4      1.525    109.470    300.000 -0.18530     7
  11  HG21  HC     10    8    6      1.090    109.500     60.000  0.05860     8
  12  HG22  HC     10    8    6      1.090    109.500    180.000  0.05860     9
  13  HG23  HC     10    8    6      1.090    109.500    300.000  0.05860    10
  14  OG1   OH      8    6    4      1.430    109.470     60.000 -0.64960    11
  15  HG1   HO     14    8    6      0.960    109.470    180.000  0.41190    12
  16  C     C       6    4    3      1.522    111.100    180.000  0.78100    13
  17  O     O2     16    6    4      1.229    120.500      0.000 -0.80440    14
  18  OXT   O2     16    6    4      1.229    120.500    180.000 -0.80440    15
DONE
CLEU
   1  DUMM  DU      0   -1   -2      0.000      0.000      0.000  0.00000     0
   2  DUMM  DU      1    0   -1      1.449      0.000      0.000  0.00000     0
   3  DUMM  DU      2    1    0      1.522    111.100      0.000  0.00000     0
   4  N     N       3    2    1      1.335    116.600    180.000 -0.38210     1
   5  H     H       4    3    2      1.010    119.800      0.000  0.26810     2
   6  CA    CT      4    3    2      1.449    121.900    180.000 -0.28470     3
   7  HA    H1      6    4    3      1.090    109.500    300.000  0.13460     4
   8  CB    CT      6    4    3      1.525    111.100     60.000 -0.24690     5
   9  HB2   HC      8    6    4      1.090    109.500    300.000  0.09740     6
  10  HB3   HC      8    6    4      1.090    109.500     60.000  0.09740     7
  11  CG    CT      8    6    4      1.525    109.470    180.000  0.37060     8
  12  HG    HC     11    8    6      1.090    109.500    300.000 -0.03740     9
  13  CD1   CT     11    8    6      1.525    109.470     60.000 -0.41630    10
  14  HD11  HC     13   11    8      1.090    109.500     60.000  0.10380    11
  15  HD12  HC     13   11    8      1.090    109.500    180.000  0.10380    12
  16  HD13  HC     13   11    8      1.090    109.500    300.000  0.10380    13
  17  CD2   CT     11    8    6      1.525    109.470    180.000 -0.41630    14
  18  HD21  HC     17   11    8      1.090    109.500     60.000  0.10380    15
  19  HD22  HC     17   11    8      1.090    109.500    180.000  0.10380    16
  20  HD23  HC     17   11    8      1.090    109.500    300.000  0.10380    17
  21  C     C       6    4    3      1.522    111.100    180.000  0.83260    18
  22  O     O2     21    6    4      1.229    120.500      0.000 -0.81990    19
  23  OXT   O2     21    6    4      1.229    120.500    180.000 -0.81990    20
DONE
CILE
   1  DUMM  DU      0   -1   -2      0.000      0.000      0.000  0.00000     0
   2  DUMM  DU      1    0   -1      1.449      0.000      0.000  0.00000     0
   3  DUMM  DU      2    1    0      1.522    111.100      0.000  0.00000     0
   4  N     N       3    2    1      1.335    116.600    180.000 -0.38210     1
   5  H     H       4    3    2      1.010    119.800      0.000  0.26810     2
   6  CA    CT      4    3    2      1.449    121.900    180.000 -0.31000     3
   7  HA    H1      6    4    3      1.090    109.500    300.000  0.13750     4
   8  CB    CT      6    4    3      1.525    109.470     60.000  0.03630     5
   9  HB    HC      8    6    4      1.090    109.500    300.000  0.07660     6
  10  CG2   CT      8    6    4      1.525    109.470     60.000 -0.34980     7
  11  HG21  HC     10    8    6      1.090    109.500     60.000  0.10210     8
  12  HG22  HC     10    8    6      1.090    109.500    180.000  0.10210     9
  13  HG23  HC     10    8    6      1.090    109.500    300.000  0.10210    10
  14  CG1   CT      8    6    4      1.525    109.470    180.000 -0.03230    11
  15  HG12  HC     14    8    6      1.090    109.500    300.000  0.03210    12
  16  HG13  HC     14    8    6      1.090    109.500     60.000  0.03210    13
  17  CD1   CT     14    8    6      1.525    109.470    180.000 -0.06990    14
  18  HD11  HC     17   14    8      1.090    109.500     60.000  0.01960    15
  19  HD12  HC     17   14    8      1.090    109.500    180.000  0.01960    16
  20  HD13  HC     17   14    8      1.090    109.500    300.000  0.01960    17
  21  C     C       6    4    3      1.522    111.100    180.000  0.83430    18
  22  O     O2     21    6    4      1.229    120.500      0.000 -0.81900    19
  23  OXT   O2     21    6    4      1.229    120.500    180.000 -0.81900    20
DONE
CVAL
   1  DUMM  DU      0   -1   -2      0.000      0.000      0.000  0.00000     0
   2  DUMM  DU      1    0   -1      1.449      0.000      0.000  0.00000     0
   3  DUMM  DU      2    1    0      1.522    111.100      0.000  0.00000     0
   4  N     N       3    2    1      1.335    116.600    180.000 -0.38210     1
   5  H     H       4    3    2      1.010    119.800      0.000  0.26810     2
   6  CA    CT      4    3    2      1.449    121.900    180.000 -0.34380     3
   7  HA    H1      6    4    3      1.090    109.500    300.000  0.14380     4
   8  CB    CT      6    4    3      1.525    111.100     60.000  0.19400     5
   9  HB    HC      8    6    4      1.090    109.500    300.000  0.03080     6
  10  CG1   CT      8    6    4      1.525    109.470     60.000 -0.30640     7
  11  HG11  HC     10    8    6      1.090    109.500     60.000  0.08360     8
  12  HG12  HC     10    8    6      1.090    109.500    180.000  0.08360     9
  13  HG13  HC     10    8    6      1.090    109.500    300.000  0.08360    10
  14  CG2   CT      8    6    4      1.525    109.470    180.000 -0.30640    11
  15  HG21  HC     14    8    6      1.090    109.500     60.000  0.08360    12
  16  HG22  HC     14    8    6      1.090    109.500    180.000  0.08360    13
  17  HG23  HC     14    8    6      1.090    109.500    300.000  0.08360    14
  18  C     C       6    4    3      1.522    111.100    180.000  0.83500    15
  19  O     O2     18    6    4      1.229    120.500      0.000 -0.81730    16
  20  OXT   O2     18    6    4      1.229    120.500    180.000 -0.81730    17
DONE
CASN
   1  DUMM  DU      0   -1   -2      0.000      0.000      0.000  0.00000     0
   2  DUMM  DU      1    0   -1      1.449      0.000      0.000  0.00000     0
   3  DUMM  DU      2    1    0      1.522    111.100      0.000  0.00000     0
   4  N     N       3    2    1      1.335    116.600    180.000 -0.38210     1
   5  H     H       4    3    2      1.010    119.800      0.000  0.26810     2
   6  CA    CT      4    3    2      1.449    121.900    180.000 -0.20800     3
   7  HA    H1      6    4    3      1.090    109.500    300.000  0.13580     4
   8  CB    CT      6    4    3      1.525    111.100     60.000 -0.22990     5
   9  HB2   HC      8    6    4      1.090    109.500    300.000  0.10230     6
  10  HB3   HC      8    6    4      1.090    109.500     60.000  0.10230     7
  11  CG    C       8    6    4      1.522    111.100    180.000  0.71530     8
  12  OD1   O      11    8    6      1.229    120.500      0.000 -0.60100     9
  13  ND2   N      11    8    6      1.335    116.600    180.000 -0.90840    10
  14  HD21  H      13   11    8      1.010    119.800    180.000  0.41500    11
  15  HD22  H      13   11    8      1.010    119.800      0.000  0.41500    12
  16  C     C       6    4    3      1.522    111.100    180.000  0.80500    13
  17  O     O2     16    6    4      1.229    120.500      0.000 -0.81470    14
  18  OXT   O2     16    6    4      1.229    120.500    180.000 -0.81470    15
DONE
CGLN
   1  DUMM  DU      0   -1   -2      0.000      0.000      0.000  0.00000     0
   2  DUMM  DU      1    0   -1      1.449      0.000      0.000  0.00000     0
   3  DUMM  DU      2    1    0      1.522    111.100      0.000  0.00000     0
   4  N     N       3    2    1      1.335    116.600    180.000 -0.38210     1
   5  H     H       4    3    2      1.010    119.800      0.000  0.26810     2
   6  CA    CT      4    3    2      1.449    121.900    180.000 -0.22480     3
   7  HA    H1      6    4    3      1.090    109.500    300.000  0.12320     4
   8  CB    CT      6    4    3      1.525    111.100     60.000 -0.06640     5
   9  HB2   HC      8    6    4      1.090    109.500    300.000  0.04520     6
  10  HB3   HC      8    6    4      1.090    109.500     60.000  0.04520     7
  11  CG    CT      8    6    4      1.525    109.470    180.000 -0.02100     8
  12  HG2   HC     11    8    6      1.090    109.500    300.000  0.02030     9
  13  HG3   HC     11    8    6      1.090    109.500     60.000  0.02030    10
  14  CD    C      11    8    6      1.522    111.100    180.000  0.70930    11
  15  OE1   O      14   11    8      1.229    120.500      0.000 -0.60980    12
  16  NE2   N      14   11    8      1.335    116.600    180.000 -0.95740    13
  17  HE21  H      16   14   11      1.010    119.800    180.000  0.43040    14
  18  HE22  H      16   14   11      1.010    119.800      0.000  0.43040    15
  19  C     C       6    4    3      1.522    111.100    180.000  0.77750    16
  20  O     O2     19    6    4      1.229    120.500      0.000 -0.80420    17
  21  OXT   O2     19    6    4      1.229    120.500    180.000 -0.80420    18
DONE
CARG
   1  DUMM  DU      0   -1   -2      0.000      0.000      0.000  0.00000     0
   2  DUMM  DU      1    0   -1      1.449      0.000      0.000  0.00000     0
   3  DUMM  DU      2    1    0      1.522    111.100      0.000  0.00000     0
   4  N     N       3    2    1      1.335    116.600    180.000 -0.34810     1
   5  H     H       4    3    2      1.010    119.800      0.000  0.27640     2
   6  CA    CT      4    3    2      1.449    121.900    180.000 -0.30680     3
   7  HA    H1      6    4    3      1.090    109.500    300.000  0.14470     4
   8  CB    CT      6    4    3      1.525    111.100     60.000 -0.03740     5
   9  HB2   HC      8    6    4      1.090    109.500    300.000  0.03710     6
  10  HB3   HC      8    6    4      1.090    109.500     60.000  0.03710     7
  11  CG    CT      8    6    4      1.525    109.470    180.000  0.07440     8
  12  HG2   HC     11    8    6      1.090    109.500    300.000  0.01850     9
  13  HG3   HC     11    8    6      1.090    109.500     60.000  0.01850    10
  14  CD    CT     11    8    6      1.525    109.470    180.000  0.11140    11
  15  HD2   H1     14   11    8      1.090    109.500    300.000  0.04680    12
  16  HD3   H1     14   11    8      1.090    109.500     60.000  0.04680    13
  17  NE    N2     14   11    8      1.480    111.000    180.000 -0.55640    14
  18  HE    H      17   14   11      1.010    118.500      0.000  0.34790    15
  19  CZ    CA     17   14   11      1.330    123.000    180.000  0.83680    16
  20  NH1   N2     19   17   14      1.330    122.000      0.000 -0.87370    17
  21  HH11  H      20   19   17      1.010    119.800      0.000  0.44930    18
  22  HH12  H      20   19   17      1.010    119.800    180.000  0.44930    19
  23  NH2   N2     19   17   14      1.330    118.000    180.000 -0.87370    20
  24  HH21  H      23   19   17      1.010    119.800      0.000  0.44930    21
  25  HH22  H      23   19   17      1.010    119.800    180.000  0.44930    22
  26  C     C       6    4    3      1.522    111.100    180.000  0.85570    23
  27  O     O2     26    6    4      1.229    120.500      0.000 -0.82660    24
  28  OXT   O2     26    6    4      1.229    120.500    180.000 -0.82660    25
DONE
CHID
   1  DUMM  DU      0   -1   -2      0.000      0.000      0.000  0.00000     0
   2  DUMM  DU      1    0   -1      1.449      0.000      0.000  0.00000     0
   3  DUMM  DU      2    1    0      1.522    111.100      0.000  0.00000     0
   4  N     N       3    2    1      1.335    116.600    180.000 -0.38210     1
   5  H     H       4    3    2      1.010    119.800      0.000  0.26810     2
   6  CA    CT      4    3    2      1.449    121.900    180.000 -0.17390     3
   7  HA    H1      6    4    3      1.090    109.500    300.000  0.11000     4
   8  CB    CT      6    4    3      1.525    111.100     60.000 -0.10460     5
   9  HB2   HC      8    6    4      1.090    109.500    300.000  0.05650     6
  10  HB3   HC      8    6    4      1.090    109.500     60.000  0.05650     7
  11  CG    CC      8    6    4      1.510    115.000    180.000  0.02930     8
  12  ND1   NA     11    8    6      1.390    122.000    180.000 -0.38920     9
  13  HD1   H      12   11    8      1.010    126.000      0.000  0.37550    10
  14  CE1   CR     12   11    8      1.320    108.000    180.000  0.19250    11
  15  HE1   H5     14   12   11      1.090    120.000    180.000  0.14180    12
  16  NE2   NB     14   12   11      1.310    109.000      0.000 -0.56290    13
  17  CD2   CV     16   14   12      1.360    110.000      0.000  0.10010    14
  18  HD2   H4     17   16   14      1.090    120.000    180.000  0.12410    15
  19  C     C       6    4    3      1.522    111.100    180.000  0.76150    16
  20  O     O2     19    6    4      1.229    120.500      0.000 -0.80160    17
  21  OXT   O2     19    6    4      1.229    120.500    180.000 -0.80160    18
DONE
CHIE
   1  DUMM  DU      0   -1   -2      0.000      0.000      0.000  0.00000     0
   2  DUMM  DU      1    0   -1      1.449      0.000      0.000  0.00000     0
   3  DUMM  DU      2    1    0      1.522    111.100      0.000  0.00000     0
   4  N     N       3    2    1      1.335    116.600    180.000 -0.38210     1
   5  H     H       4    3    2      1.010    119.800      0.000  0.26810     2
   6  CA    CT      4    3    2      1.449    121.900    180.000 -0.26990     3
   7  HA    H1      6    4    3      1.090    109.500    300.000  0.16500     4
   8  CB    CT      6    4    3      1.525    111.100     60.000 -0.10680     5
   9  HB2   HC      8    6    4      1.090    109.500    300.000  0.06200     6
  10  HB3   HC      8    6    4      1.090    109.500     60.000  0.06200     7
  11  CG    CC      8    6    4      1.510    115.000    180.000  0.27240     8
  12  ND1   NB     11    8    6      1.390    122.000    180.000 -0.55170     9
  13  CE1   CR     12   11    8      1.320    108.000    180.000  0.15580    10
  14  HE1   H5     13   12   11      1.090    120.000    180.000  0.14480    11
  15  NE2   NA     13   12   11      1.310    109.000      0.000 -0.26700    12
  16  HE2   H      15   13   12      1.010    125.000    180.000  0.33190    13
  17  CD2   CW     15   13   12      1.360    110.000      0.000 -0.25880    14
  18  HD2   H4     17   15   13      1.090    120.000    180.000  0.19570    15
  19  C     C       6    4    3      1.522    111.100    180.000  0.79160    16
  20  O     O2     19    6    4      1.229    120.500      0.000 -0.80650    17
  21  OXT   O2     19    6    4      1.229    120.500    180.000 -0.80650    18
DONE
CHIP
   1  DUMM  DU      0   -1   -2      0.000      0.000      0.000  0.00000     0
   2  DUMM  DU      1    0   -1      1.449      0.000      0.000  0.00000     0
   3  DUMM  DU      2    1    0      1.522    111.100      0.000  0.00000     0
   4  N     N       3    2    1      1.335    116.600    180.000 -0.34810     1
   5  H     H       4    3    2      1.010    119.800      0.000  0.27640     2
   6  CA    CT      4    3    2      1.449    121.900    180.000 -0.14450     3
   7  HA    H1      6    4    3      1.090    109.500    300.000  0.11150     4
   8  CB    CT      6    4    3      1.525    111.100     60.000 -0.08000     5
   9  HB2   HC      8    6    4      1.090    109.500    300.000  0.08680     6
  10  HB3   HC      8    6    4      1.090    109.500     60.000  0.08680     7
  11  CG    CC      8    6    4      1.510    115.000    180.000  0.02980     8
  12  ND1   NA     11    8    6      1.390    122.000    180.000 -0.15010     9
  13  HD1   H      12   11    8      1.010    126.000      0.000  0.38830    10
  14  CE1   CR     12   11    8      1.320    108.000    180.000 -0.02510    11
  15  HE1   H5     14   12   11      1.090    120.000    180.000  0.26940    12
  16  NE2   NA     14   12   11      1.310    109.000      0.000 -0.16830    13
  17  HE2   H      16   14   12      1.010    125.000    180.000  0.39130    14
  18  CD2   CW     16   14   12      1.360    110.000      0.000 -0.12560    15
  19  HD2   H4     18   16   14      1.090    120.000    180.000  0.23360    16
  20  C     C       6    4    3      1.522    111.100    180.000  0.80320    17
  21  O     O2     20    6    4      1.229    120.500      0.000 -0.81770    18
  22  OXT   O2     20    6    4      1.229    120.500    180.000 -0.81770    19
DONE
CTRP
   1  DUMM  DU      0   -1   -2      0.000      0.000      0.000  0.00000     0
   2  DUMM  DU      1    0   -1      1.449      0.000      0.000  0.00000     0
   3  DUMM  DU      2    1    0      1.522    111.100      0.000  0.00000     0
   4  N     N       3    2    1      1.335    116.600    180.000 -0.38210     1
   5  H     H       4    3    2      1.010    119.800      0.000  0.26810     2
   6  CA    CT      4    3    2      1.449    121.900    180.000 -0.20840     3
   7  HA    H1      6    4    3      1.090    109.500    300.000  0.12720     4
   8  CB    CT      6    4    3      1.525    111.100     60.000 -0.07420     5
   9  HB2   HC      8    6    4      1.090    109.500    300.000  0.04970     6
  10  HB3   HC      8    6    4      1.090    109.500     60.000  0.04970     7
  11  CG    C*      8    6    4      1.510    115.000    180.000 -0.07960     8
  12  CD1   CW     11    8    6      1.340    127.000    180.000 -0.18080     9
  13  HD1   H4     12   11    8      1.090    120.000      0.000  0.20430    10
  14  NE1   NA     12   11    8      1.430    107.000    180.000 -0.33160    11
  15  HE1   H      14   12   11      1.010    125.500    180.000  0.34130    12
  16  CE2   CN     14   12   11      1.310    109.000      0.000  0.12220    13
  17  CZ2   CA     16   14   12      1.400    128.000    180.000 -0.25940    14
  18  HZ2   HA     17   16   14      1.090    120.000      0.000  0.15670    15
  19  CH2   CA     17   16   14      1.390    116.000    180.000 -0.10200    16
  20  HH2   HA     19   17   16      1.090    120.000    180.000  0.14010    17
  21  CZ3   CA     19   17   16      1.350    121.000      0.000 -0.22870    18
  22  HZ3   HA     21   19   17      1.090    120.000    180.000  0.15070    19
  23  CE3   CA     21   19   17      1.410    122.000      0.000 -0.18370    20
  24  HE3   HA     23   21   19      1.090    120.000    180.000  0.14910    21
  25  CD2   CB     23   21   19      1.400    117.000      0.000  0.10780    22
  26  C     C       6    4    3      1.522    111.100    180.000  0.76580    23
  27  O     O2     26    6    4      1.229    120.500      0.000 -0.80110    24
  28  OXT   O2     26    6    4      1.229    120.500    180.000 -0.80110    25
DONE
CPHE
   1  DUMM  DU      0   -1   -2      0.000      0.000      0.000  0.00000     0
   2  DUMM  DU      1    0   -1      1.449      0.000      0.000  0.00000     0
   3  DUMM  DU      2    1    0      1.522    111.100      0.000  0.00000     0
   4  N     N       3    2    1      1.335    116.600    180.000 -0.38210     1
   5  H     H       4    3    2      1.010    119.800      0.000  0.26810     2
   6  CA    CT      4    3    2      1.449    121.900    180.000 -0.18250     3
   7  HA    H1      6    4    3      1.090    109.500    300.000  0.10980     4
   8  CB    CT      6    4    3      1.525    111.100     60.000 -0.09590     5
   9  HB2   HC      8    6    4      1.090    109.500    300.000  0.04430     6
  10  HB3   HC      8    6    4      1.090    109.500     60.000  0.04430     7
  11  CG    CA      8    6    4      1.510    115.000    180.000  0.05520     8
  12  CD1   CA     11    8    6      1.400    120.000    180.000 -0.13000     9
  13  HD1   HA     12   11    8      1.090    120.000      0.000  0.14080    10
  14  CE1   CA     12   11    8      1.400    120.000    180.000 -0.18470    11
  15  HE1   HA     14   12   11      1.090    120.000    180.000  0.14610    12
  16  CZ    CA     14   12   11      1.400    120.000      0.000 -0.09440    13
  17  HZ    HA     16   14   12      1.090    120.000    180.000  0.12800    14
  18  CE2   CA     16   14   12      1.400    120.000      0.000 -0.18470    15
  19  HE2   HA     18   16   14      1.090    120.000    180.000  0.14610    16
  20  CD2   CA     18   16   14      1.400    120.000      0.000 -0.13000    17
  21  HD2   HA     20   18   16      1.090    120.000    180.000  0.14080    18
  22  C     C       6    4    3      1.522    111.100    180.000  0.76600    19
  23  O     O2     22    6    4      1.229    120.500      0.000 -0.80260    20
  24  OXT   O2     22    6    4      1.229    120.500    180.000 -0.80260    21
DONE
CTYR
   1  DUMM  DU      0   -1   -2      0.000      0.000      0.000  0.00000     0
   2  DUMM  DU      1    0   -1      1.449      0.000      0.000  0.00000     0
   3  DUMM  DU      2    1    0      1.522    111.100      0.000  0.00000     0
   4  N     N       3    2    1      1.335    116.600    180.000 -0.38210     1
   5  H     H       4    3    2      1.010    119.800      0.000  0.26810     2
   6  CA    CT      4    3    2      1.449    121.900    180.000 -0.20150     3
   7  HA    H1      6    4    3      1.090    109.500    300.000  0.10920     4
   8  CB    CT      6    4    3      1.525    111.100     60.000 -0.07520     5
   9  HB2   HC      8    6    4      1.090    109.500    300.000  0.04900     6
  10  HB3   HC      8    6    4      1.090    109.500     60.000  0.04900     7
  11  CG    CA      8    6    4      1.510    109.470    180.000  0.02430     8
  12  CD1   CA     11    8    6      1.400    120.000    180.000 -0.19220     9
  13  HD1   HA     12   11    8      1.090    120.000      0.000  0.17800    10
  14  CE1   CA     12   11    8      1.400    120.000    180.000 -0.24580    11
  15  HE1   HA     14   12   11      1.090    120.000    180.000  0.16730    12
  16  CZ    C      14   12   11      1.400    120.000      0.000  0.33950    13
  17  OH    OH     16   14   12      1.360    120.000    180.000 -0.56430    14
  18  HH    HO     17   16   14      0.960    113.000      0.000  0.40170    15
  19  CE2   CA     16   14   12      1.400    120.000      0.000 -0.24580    16
  20  HE2   HA     19   16   14      1.090    120.000    180.000  0.16730    17
  21  CD2   CA     19   16   14      1.400    120.000      0.000 -0.19220    18
  22  HD2   HA     21   19   16      1.090    120.000    180.000  0.17800    19
  23  C     C       6    4    3      1.522    111.100    180.000  0.78170    20
  24  O     O2     23    6    4      1.229    120.500      0.000 -0.80700    21
  25  OXT   O2     23    6    4      1.229    120.500    180.000 -0.80700    22
DONE
CGLU
   1  DUMM  DU      0   -1   -2      0.000      0.000      0.000  0.00000     0
   2  DUMM  DU      1    0   -1      1.449      0.000      0.000  0.00000     0
   3  DUMM  DU      2    1    0      1.522    111.100      0.000  0.00000     0
   4  N     N       3    2    1      1.335    116.600    180.000 -0.51920     1
   5  H     H       4    3    2      1.010    119.800      0.000  0.30550     2
   6  CA    CT      4    3    2      1.449    121.900    180.000 -0.20590     3
   7  HA    H1      6    4    3      1.090    109.500    300.000  0.13990     4
   8  CB    CT      6    4    3      1.525    111.100     60.000  0.00710     5
   9  HB2   HC      8    6    4      1.090    109.500    300.000 -0.00780     6
  10  HB3   HC      8    6    4      1.090    109.500     60.000 -0.00780     7
  11  CG    CT      8    6    4      1.510    109.470    180.000  0.06750     8
  12  HG2   HC     11    8    6      1.090    109.500    300.000 -0.05480     9
  13  HG3   HC     11    8    6      1.090    109.500     60.000 -0.05480    10
  14  CD    C      11    8    6      1.527    109.470    180.000  0.81830    11
  15  OE1   O2     14   11    8      1.260    117.200     90.000 -0.82200    12
  16  OE2   O2     14   11    8      1.260    117.200    270.000 -0.82200    13
  17  C     C       6    4    3      1.522    111.100    180.000  0.74200    14
  18  O     O2     17    6    4      1.229    120.500      0.000 -0.79300    15
  19  OXT   O2     17    6    4      1.229    120.500    180.000 -0.79300    16
DONE
CASP
   1  DUMM  DU      0   -1   -2      0.000      0.000      0.000  0.00000     0
   2  DUMM  DU      1    0   -1      1.449      0.000      0.000  0.00000     0
   3  DUMM  DU      2    1    0      1.522    111.100      0.000  0.00000     0
   4  N     N       3    2    1      1.335    116.600    180.000 -0.51920     1
   5  H     H       4    3    2      1.010    119.800      0.000  0.30550     2
   6  CA    CT      4    3    2      1.449    121.900    180.000 -0.18170     3
   7  HA    H1      6    4    3      1.090    109.500    300.000  0.10460     4
   8  CB    CT      6    4    3      1.525    111.100     60.000 -0.06770     5
   9  HB2   HC      8    6    4      1.090    109.500    300.000 -0.02120     6
  10  HB3   HC      8    6    4      1.090    109.500     60.000 -0.02120     7
  11  CG    C       8    6    4      1.527    109.470    180.000  0.88510     8
  12  OD1   O2     11    8    6      1.260    117.200     90.000 -0.81620     9
  13  OD2   O2     11    8    6      1.260    117.200    270.000 -0.81620    10
  14  C     C       6    4    3      1.522    111.100    180.000  0.72560    11
  15  O     O2     14    6    4      1.229    120.500      0.000 -0.78870    12
  16  OXT   O2     14    6    4      1.229    120.500    180.000 -0.78870    13
DONE
CLYS
   1  DUMM  DU      0   -1   -2      0.000      0.000      0.000  0.00000     0
   2  DUMM  DU      1    0   -1      1.449      0.000      0.000  0.00000     0
   3  DUMM  DU      2    1    0      1.522    111.100      0.000  0.00000     0
   4  N     N       3    2    1      1.335    116.600    180.000 -0.34810     1
   5  H     H       4    3    2      1.010    119.800      0.000  0.27640     2
   6  CA    CT      4    3    2      1.449    121.900    180.000 -0.29030     3
   7  HA    H1      6    4    3      1.090    109.500    300.000  0.14380     4
   8  CB    CT      6    4    3      1.525    111.100     60.000 -0.05380     5
   9  HB2   HC      8    6    4      1.090    109.500    300.000  0.04820     6
  10  HB3   HC      8    6    4      1.090    109.500     60.000  0.04820     7
  11  CG    CT      8    6    4      1.525    109.470    180.000  0.02270     8
  12  HG2   HC     11    8    6      1.090    109.500    300.000  0.01340     9
  13  HG3   HC     11    8    6      1.090    109.500     60.000  0.01340    10
  14  CD    CT     11    8    6      1.525    109.470    180.000 -0.03920    11
  15  HD2   HC     14   11    8      1.090    109.500    300.000  0.06110    12
  16  HD3   HC     14   11    8      1.090    109.500     60.000  0.06110    13
  17  CE    CT     14   11    8      1.525    109.470    180.000 -0.01760    14
  18  HE2   HP     17   14   11      1.090    109.500    300.000  0.11210    15
  19  HE3   HP     17   14   11      1.090    109.500     60.000  0.11210    16
  20  NZ    N3     17   14   11      1.470    109.470    180.000 -0.37410    17
  21  HZ1   H      20   17   14      1.010    109.470     60.000  0.33740    18
  22  HZ2   H      20   17   14      1.010    109.470    180.000  0.33740    19
  23  HZ3   H      20   17   14      1.010    109.470    300.000  0.33740    20
  24  C     C       6    4    3      1.522    111.100    180.000  0.84880    21
  25  O     O2     24    6    4      1.229    120.500      0.000 -0.82520    22
  26  OXT   O2     24    6    4      1.229    120.500    180.000 -0.82520    23
DONE
CPRO 
   1  DUMM  DU      0   -1   -2      0.000      0.000      0.000  0.00000     0
   2  DUMM  DU      1    0   -1      1.449      0.000      0.000  0.00000     0
   3  DUMM  DU      2    1    0      1.522    111.100      0.000  0.00000     0
   4  N     N       3    2    1      1.337    117.000    180.000 -0.25480     1
   5  CA    CT      4    3    2      1.451    120.600    175.200 -0.02660     2
   6  HA    H1      5    4    3      1.090    109.500     60.000  0.06410     3
   7  CB    CT      5    4    3      1.510    108.900    172.630 -0.00700     4
   8  HB2   HC      7    5    4      1.090    109.500     86.900  0.02530     5
   9  HB3   HC      7    5    4      1.090    109.500    208.120  0.02530     6
  10  CG    CT      7    5    4      1.500     99.260    318.500  0.01890     7
  11  HG2   HC     10    7    5      1.090    109.500    158.200  0.02130     8
  12  HG3   HC     10    7    5      1.090    109.500    280.400  0.02130     9
  13  CD    CT     10    7    5      1.500    106.050     39.200  0.01920    10
  14  HD2   H1     13   10    7      1.090    109.500     96.220  0.03910    11
  15  HD3   H1     13   10    7      1.090    109.500    220.400  0.03910    12
  16  C     C       5    4    3      1.522    109.500    315.000  0.58960    13
  17  O     O2     16    5    4      1.229    120.500      0.000 -0.57480    14
  18  OXT   O2     16    5    4      1.229    120.500    180.000 -0.76970    15
DONE
CCYS
   1  DUMM  DU      0   -1   -2      0.000      0.000      0.000  0.00000     0
   2  DUMM  DU      1    0   -1      1.449      0.000      0.000  0.00000     0
   3  DUMM  DU      2    1    0      1.522    111.100      0.000  0.00000     0
   4  N     N       3    2    1      1.335    116.600    180.000 -0.38210     1
   5  H     H       4    3    2      1.010    119.800      0.000  0.26810     2
   6  CA    CT      4    3    2      1.449    121.900    180.000 -0.16350     3
   7  HA    H1      6    4    3      1.090    109.500    300.000  0.13960     4
   8  CB    CT      6    4    3      1.525    111.100     60.000 -0.19960     5
   9  HB2   H1      8    6    4      1.090    109.500    300.000  0.14370     6
  10  HB3   H1      8    6    4      1.090    109.500     60.000  0.14370     7
  11  SG    SH      8    6    4      1.810    116.000    180.000 -0.31020     8
  12  HG    HS     11    8    6      1.330     96.000    180.000  0.20680     9
  13  C     C       6    4    3      1.522    111.100    180.000  0.74970    10
  14  O     O2     13    6    4      1.229    120.500      0.000 -0.79810    11
  15  OXT   O2     13    6    4      1.229    120.500    180.000 -0.79810    12
DONE
CCYX
   1  DUMM  DU      0   -1   -2      0.000      0.000      0.000  0.00000     0
   2  DUMM  DU      1    0   -1      1.449      0.000      0.000  0.00000     0
   3  DUMM  DU      2    1    0      1.522    111.100      0.000  0.00000     0
   4  N     N       3    2    1      1.335    116.600    180.000 -0.38210     1
   5  H     H       4    3    2      1.010    119.800      0.000  0.26810     2
   6  CA    CT      4    3    2      1.449    121.900    180.000 -0.13180     3
   7  HA    H1      6    4    3      1.090    109.500    300.000  0.09380     4
   8  CB    CT      6    4    3      1.525    111.100     60.000 -0.19430     5
   9  HB2   H1      8    6    4      1.090    109.500    300.000  0.12280     6
  10  HB3   H1      8    6    4      1.090    109.500     60.000  0.12280     7
  11  SG    S       8    6    4      1.810    116.000    180.000 -0.05290     8
  12  C     C       6    4    3      1.522    111.100    180.000  0.76180     9
  13  O     O2     12    6    4      1.229    120.500      0.000 -0.80410    10
  14  OXT   O2     12    6    4      1.229    120.500    180.000 -0.80410    11
DONE
CMET
   1  DUMM  DU      0   -1   -2      0.000      0.000      0.000  0.00000     0
   2  DUMM  DU      1    0   -1      1.449      0.000      0.000  0.00000     0
   3  DUMM  DU      2    1    0      1.522    111.100      0.000  0.00000     0
   4  N     N       3    2    1      1.335    116.600    180.000 -0.38210     1
   5  H     H       4    3    2      1.010    119.800      0.000  0.26810     2
   6  CA    CT      4    3    2      1.449    121.900    180.000 -0.25970     3
   7  HA    H1      6    4    3      1.090    109.500    300.000  0.12770     4
   8  CB    CT      6    4    3      1.525    111.100     60.000 -0.02360     5
   9  HB2   HC      8    6    4      1.090    109.500    300.000  0.04800     6
  10  HB3   HC      8    6    4      1.090    109.500     60.000  0.04800     7
  11  CG    CT      8    6    4      1.525    109.470    180.000  0.04920     8
  12  HG2   H1     11    8    6      1.090    109.500    300.000  0.03170     9
  13  HG3   H1     11    8    6      1.090    109.500     60.000  0.03170    10
  14  SD    S      11    8    6      1.810    110.000    180.000 -0.26920    11
  15  CE    CT     14   11    8      1.780    100.000    180.000 -0.03760    12
  16  HE1   H1     15   14   11      1.090    109.500     60.000  0.06250    13
  17  HE2   H1     15   14   11      1.090    109.500    180.000  0.06250    14
  18  HE3   H1     15   14   11      1.090    109.500    300.000  0.06250    15
  19  C     C       6    4    3      1.522    111.100    180.000  0.80130    16
  20  O     O2     19    6    4      1.229    120.500      0.000 -0.81050    17
  21  OXT   O2     19    6    4      1.229    120.500    180.000 -0.81050    18
DONE
CNME 
   1  DUMM  DU      0   -1   -2      0.000      0.000      0.000  0.00000     0
   2  DUMM  DU      1    0   -1      1.449      0.000      0.000  0.00000     0
   3  DUMM  DU      2    1    0      1.522    111.100      0.000  0.00000     0
   4  N     N       3    2    1      1.335    116.600    180.000 -0.41570     1
   5  H     H       4    3    2      1.010    119.800      0.000  0.27190     2
   6  CH3   CT      4    3    2      1.449    121.900    180.000 -0.14900     3
   7  HH31  H1      6    4    3      1.090    109.500      0.000  0.09760     4
   8  HH32  H1      6    4    3      1.090    109.500    120.000  0.09760     5
   9  HH33  H1      6    4    3      1.090    109.500    240.000  0.09760     6
DONE
CNHE 
   1  DUMM  DU      0   -1   -2      0.000      0.000      0.000 -0.46300     0
   2  DUMM  DU      1    0   -1      1.000      0.000      0.000  0.23150     0
   3  DUMM  DU      2    1    0      1.000     90.000      0.000  0.23150     0
   4  N     N       3    2    1      1.335    116.600    180.000  0.00000     1
   5  HN1   H       4    3    2      1.010    119.800      0.000  0.00000     2
   6  HN2   H       4    3    2      1.010    119.800    180.000  0.00000     3
DONE
