NALA
   1  DUMM  DU      0   -1   -2      0.000      0.000      0.000  0.00000     0
   2  DUMM  DU      1    0   -1      1.449      0.000      0.000  0.00000     0
   3  DUMM  DU      2    1    0      1.522    111.100      0.000  0.00000     0
   4  N     N3      3    2    1      1.335    116.600    180.000  0.14140     1
   5  H1    H       4    3    2      1.010    130.000      0.000  0.19970     2
   6  H2    H       4    3    2      1.010     60.000     90.000  0.19970     3
   7  H3    H       4    3    2      1.010     60.000    -90.000  0.19970     4
   8  CA    CT      4    3    2      1.449    121.900    180.000  0.09620     5
   9  HA    HP      8    4    3      1.090    109.500    300.000  0.08890     6
  10  CB    CT      8    4    3      1.525    111.100     60.000 -0.05970     7
  11  HB1   HC     10    8    4      1.090    109.500     60.000  0.03000     8
  12  HB2   HC     10    8    4      1.090    109.500    180.000  0.03000     9
  13  HB3   HC     10    8    4      1.090    109.500    300.000  0.03000    10
  14  C     C       8    4    3      1.522    111.100    180.000  0.61630    11
  15  O     O      14    8    4      1.229    120.500      0.000 -0.57220    12
DONE
NGLY
   1  DUMM  DU      0   -1   -2      0.000      0.000      0.000  0.00000     0
   2  DUMM  DU      1    0   -1      1.449      0.000      0.000  0.00000     0
   3  DUMM  DU      2    1    0      1.522    111.100      0.000  0.00000     0
   4  N     N3      3    2    1      1.335    116.600    180.000  0.29430     1
   5  H1    H       4    3    2      1.010    130.000      0.000  0.16420     2
   6  H2    H       4    3    2      1.010     60.000     90.000  0.16420     3
   7  H3    H       4    3    2      1.010     60.000    -90.000  0.16420     4
   8  CA    CT      4    3    2      1.449    121.900    180.000 -0.01000     5
   9  HA2   HP      8    4    3      1.090    109.500    300.000  0.08950     6
  10  HA3   HP      8    4    3      1.090    109.500     60.000  0.08950     7
  11  C     C       8    4    3      1.522    110.400    180.000  0.61630     8
  12  O     O      11    8    4      1.229    120.500      0.000 -0.57220     9
DONE
NSER
   1  DUMM  DU      0   -1   -2      0.000      0.000      0.000  0.00000     0
   2  DUMM  DU      1    0   -1      1.449      0.000      0.000  0.00000     0
   3  DUMM  DU      2    1    0      1.522    111.100      0.000  0.00000     0
   4  N     N3      3    2    1      1.335    116.600    180.000  0.18490     1
   5  H1    H       4    3    2      1.010    130.000      0.000  0.18980     2
   6  H2    H       4    3    2      1.010     60.000     90.000  0.18980     3
   7  H3    H       4    3    2      1.010     60.000    -90.000  0.18980     4
   8  CA    CT      4    3    2      1.449    121.900    180.000  0.05670     5
   9  HA    HP      8    4    3      1.090    109.500    300.000  0.07820     6
  10  CB    CT      8    4    3      1.525    111.100     60.000  0.25960     7
  11  HB2   H1     10    8    4      1.090    109.500    300.000  0.02730     8
  12  HB3   H1     10    8    4      1.090    109.500     60.000  0.02730     9
  13  OG    OH     10    8    4      1.430    109.470    180.000 -0.67140    10
  14  HG    HO     13   10    8      0.960    109.470    180.000  0.42390    11
  15  C     C       8    4    3      1.522    111.100    180.000  0.61630    12
  16  O     O      15    8    4      1.229    120.500      0.000 -0.57220    13
DONE
NTHR
   1  DUMM  DU      0   -1   -2      0.000      0.000      0.000  0.00000     0
   2  DUMM  DU      1    0   -1      1.449      0.000      0.000  0.00000     0
   3  DUMM  DU      2    1    0      1.522    111.100      0.000  0.00000     0
   4  N     N3      3    2    1      1.335    116.600    180.000  0.18120     1
   5  H1    H       4    3    2      1.010    130.000      0.000  0.19340     2
   6  H2    H       4    3    2      1.010     60.000     90.000  0.19340     3
   7  H3    H       4    3    2      1.010     60.000    -90.000  0.19340     4
   8  CA    CT      4    3    2      1.449    121.900    180.000  0.00340     5
   9  HA    HP      8    4    3      1.090    109.500    300.000  0.10870     6
  10  CB    CT      8    4    3      1.525    111.100     60.000  0.45140     7
  11  HB    H1     10    8    4      1.090    109.500    180.000 -0.03230     8
  12  CG2   CT     10    8    4      1.525    109.470    300.000 -0.25540     9
  13  HG21  HC     12   10    8      1.090    109.500     60.000  0.06270    10
  14  HG22  HC     12   10    8      1.090    109.500    180.000  0.06270    11
  15  HG23  HC     12   10    8      1.090    109.500    300.000  0.06270    12
  16  OG1   OH     10    8    4      1.430    109.470     60.000 -0.67640    13
  17  HG1   HO     16   10    8      0.960    109.470    180.000  0.40700    14
  18  C     C       8    4    3      1.522    111.100    180.000  0.61630    15
  19  O     O      18    8    4      1.229    120.500      0.000 -0.57220    16
DONE
NLEU
   1  DUMM  DU      0   -1   -2      0.000      0.000      0.000  0.00000     0
   2  DUMM  DU      1    0   -1      1.449      0.000      0.000  0.00000     0
   3  DUMM  DU      2    1    0      1.522    111.100      0.000  0.00000     0
   4  N     N3      3    2    1      1.335    116.600    180.000  0.10100     1
   5  H1    H       4    3    2      1.010    130.000      0.000  0.21480     2
   6  H2    H       4    3    2      1.010     60.000     90.000  0.21480     3
   7  H3    H       4    3    2      1.010     60.000    -90.000  0.21480     4
   8  CA    CT      4    3    2      1.449    121.900    180.000  0.01040     5
   9  HA    HP      8    4    3      1.090    109.500    300.000  0.10530     6
  10  CB    CT      8    4    3      1.525    111.100     60.000 -0.02440     7
  11  HB2   HC     10    8    4      1.090    109.500    300.000  0.02560     8
  12  HB3   HC     10    8    4      1.090    109.500     60.000  0.02560     9
  13  CG    CT     10    8    4      1.525    109.470    180.000  0.34210    10
  14  HG    HC     13   10    8      1.090    109.500    300.000 -0.03800    11
  15  CD1   CT     13   10    8      1.525    109.470     60.000 -0.41060    12
  16  HD11  HC     15   13   10      1.090    109.500     60.000  0.09800    13
  17  HD12  HC     15   13   10      1.090    109.500    180.000  0.09800    14
  18  HD13  HC     15   13   10      1.090    109.500    300.000  0.09800    15
  19  CD2   CT     13   10    8      1.525    109.470    180.000 -0.41040    16
  20  HD21  HC     19   13   10      1.090    109.500     60.000  0.09800    17
  21  HD22  HC     19   13   10      1.090    109.500    180.000  0.09800    18
  22  HD23  HC     19   13   10      1.090    109.500    300.000  0.09800    19
  23  C     C       8    4    3      1.522    111.100    180.000  0.61230    20
  24  O     O      23    8    4      1.229    120.500      0.000 -0.57130    21
DONE
NILE
   1  DUMM  DU      0   -1   -2      0.000      0.000      0.000  0.00000     0
   2  DUMM  DU      1    0   -1      1.449      0.000      0.000  0.00000     0
   3  DUMM  DU      2    1    0      1.522    111.100      0.000  0.00000     0
   4  N     N3      3    2    1      1.335    116.600    180.000  0.03110     1
   5  H1    H       4    3    2      1.010    130.000      0.000  0.23290     2
   6  H2    H       4    3    2      1.010     60.000     90.000  0.23290     3
   7  H3    H       4    3    2      1.010     60.000    -90.000  0.23290     4
   8  CA    CT      4    3    2      1.449    121.900    180.000  0.02570     5
   9  HA    HP      8    4    3      1.090    109.500    300.000  0.10310     6
  10  CB    CT      8    4    3      1.525    109.470     60.000  0.18850     7
  11  HB    HC     10    8    4      1.090    109.500    300.000  0.02130     8
  12  CG2   CT     10    8    4      1.525    109.470     60.000 -0.37200     9
  13  HG21  HC     12   10    8      1.090    109.500     60.000  0.09470    10
  14  HG22  HC     12   10    8      1.090    109.500    180.000  0.09470    11
  15  HG23  HC     12   10    8      1.090    109.500    300.000  0.09470    12
  16  CG1   CT     10    8    4      1.525    109.470    180.000 -0.03870    13
  17  HG12  HC     16   10    8      1.090    109.500     60.000  0.02010    14
  18  HG13  HC     16   10    8      1.090    109.500    300.000  0.02010    15
  19  CD1   CT     16   10    8      1.525    109.470    180.000 -0.09080    16
  20  HD11  HC     19   16   10      1.090    109.500     60.000  0.02260    17
  21  HD12  HC     19   16   10      1.090    109.500    180.000  0.02260    18
  22  HD13  HC     19   16   10      1.090    109.500    300.000  0.02260    19
  23  C     C       8    4    3      1.522    111.100    180.000  0.61230    20
  24  O     O      23    8    4      1.229    120.500      0.000 -0.57130    21
DONE
NVAL
   1  DUMM  DU      0   -1   -2      0.000      0.000      0.000  0.00000     0
   2  DUMM  DU      1    0   -1      1.449      0.000      0.000  0.00000     0
   3  DUMM  DU      2    1    0      1.522    111.100      0.000  0.00000     0
   4  N     N3      3    2    1      1.335    116.600    180.000  0.05770     1
   5  H1    H       4    3    2      1.010    130.000      0.000  0.22720     2
   6  H2    H       4    3    2      1.010     60.000     90.000  0.22720     3
   7  H3    H       4    3    2      1.010     60.000    -90.000  0.22720     4
   8  CA    CT      4    3    2      1.449    121.900    180.000 -0.00540     5
   9  HA    HP      8    4    3      1.090    109.500    300.000  0.10930     6
  10  CB    CT      8    4    3      1.525    111.100     60.000  0.31960     7
  11  HB    HC     10    8    4      1.090    109.500    300.000 -0.02210     8
  12  CG1   CT     10    8    4      1.525    109.470     60.000 -0.31290     9
  13  HG11  HC     12   10    8      1.090    109.500     60.000  0.07350    10
  14  HG12  HC     12   10    8      1.090    109.500    180.000  0.07350    11
  15  HG13  HC     12   10    8      1.090    109.500    300.000  0.07350    12
  16  CG2   CT     10    8    4      1.525    109.470    180.000 -0.31290    13
  17  HG21  HC     16   10    8      1.090    109.500     60.000  0.07350    14
  18  HG22  HC     16   10    8      1.090    109.500    180.000  0.07350    15
  19  HG23  HC     16   10    8      1.090    109.500    300.000  0.07350    16
  20  C     C       8    4    3      1.522    111.100    180.000  0.61630    17
  21  O     O      20    8    4      1.229    120.500      0.000 -0.57220    18
DONE
NASN
   1  DUMM  DU      0   -1   -2      0.000      0.000      0.000  0.00000     0
   2  DUMM  DU      1    0   -1      1.449      0.000      0.000  0.00000     0
   3  DUMM  DU      2    1    0      1.522    111.100      0.000  0.00000     0
   4  N     N3      3    2    1      1.335    116.600    180.000  0.18010     1
   5  H1    H       4    3    2      1.010    130.000      0.000  0.19210     2
   6  H2    H       4    3    2      1.010     60.000     90.000  0.19210     3
   7  H3    H       4    3    2      1.010     60.000    -90.000  0.19210     4
   8  CA    CT      4    3    2      1.449    121.900    180.000  0.03680     5
   9  HA    HP      8    4    3      1.090    109.500    300.000  0.12310     6
  10  CB    CT      8    4    3      1.525    111.100     60.000 -0.02830     7
  11  HB2   HC     10    8    4      1.090    109.500    300.000  0.05150     8
  12  HB3   HC     10    8    4      1.090    109.500     60.000  0.05150     9
  13  CG    C      10    8    4      1.522    111.100    180.000  0.58330    10
  14  OD1   O      13   10    8      1.229    120.500      0.000 -0.57440    11
  15  ND2   N      13   10    8      1.335    116.600    180.000 -0.86340    12
  16  HD21  H      15   13   10      1.010    119.800    180.000  0.40970    13
  17  HD22  H      15   13   10      1.010    119.800      0.000  0.40970    14
  18  C     C       8    4    3      1.522    111.100    180.000  0.61630    15
  19  O     O      18    8    4      1.229    120.500      0.000 -0.57220    16
DONE
NGLN
   1  DUMM  DU      0   -1   -2      0.000      0.000      0.000  0.00000     0
   2  DUMM  DU      1    0   -1      1.449      0.000      0.000  0.00000     0
   3  DUMM  DU      2    1    0      1.522    111.100      0.000  0.00000     0
   4  N     N3      3    2    1      1.335    116.600    180.000  0.14930     1
   5  H1    H       4    3    2      1.010    130.000      0.000  0.19960     2
   6  H2    H       4    3    2      1.010     60.000     90.000  0.19960     3
   7  H3    H       4    3    2      1.010     60.000    -90.000  0.19960     4
   8  CA    CT      4    3    2      1.449    121.900    180.000  0.05360     5
   9  HA    HP      8    4    3      1.090    109.500    300.000  0.10150     6
  10  CB    CT      8    4    3      1.525    111.100     60.000  0.06510     7
  11  HB2   HC     10    8    4      1.090    109.500    300.000  0.00500     8
  12  HB3   HC     10    8    4      1.090    109.500     60.000  0.00500     9
  13  CG    CT     10    8    4      1.525    109.470    180.000 -0.09030    10
  14  HG2   HC     13   10    8      1.090    109.500    300.000  0.03310    11
  15  HG3   HC     13   10    8      1.090    109.500     60.000  0.03310    12
  16  CD    C      13   10    8      1.522    111.100    180.000  0.73540    13
  17  OE1   O      16   13   10      1.229    120.500      0.000 -0.61330    14
  18  NE2   N      16   13   10      1.335    116.600    180.000 -1.00310    15
  19  HE21  H      18   16   13      1.010    119.800    180.000  0.44290    16
  20  HE22  H      18   16   13      1.010    119.800      0.000  0.44290    17
  21  C     C       8    4    3      1.522    111.100    180.000  0.61230    18
  22  O     O      21    8    4      1.229    120.500      0.000 -0.57130    19
DONE
NARG
   1  DUMM  DU      0   -1   -2      0.000      0.000      0.000  0.00000     0
   2  DUMM  DU      1    0   -1      1.449      0.000      0.000  0.00000     0
   3  DUMM  DU      2    1    0      1.522    111.100      0.000  0.00000     0
   4  N     N3      3    2    1      1.335    116.600    180.000  0.13050     1
   5  H1    H       4    3    2      1.010    130.000      0.000  0.20830     2
   6  H2    H       4    3    2      1.010     60.000     90.000  0.20830     3
   7  H3    H       4    3    2      1.010     60.000    -90.000  0.20830     4
   8  CA    CT      4    3    2      1.449    121.900    180.000 -0.02230     5
   9  HA    HP      8    4    3      1.090    109.500    300.000  0.12420     6
  10  CB    CT      8    4    3      1.525    111.100     60.000  0.01180     7
  11  HB2   HC     10    8    4      1.090    109.500    300.000  0.02260     8
  12  HB3   HC     10    8    4      1.090    109.500     60.000  0.02260     9
  13  CG    CT     10    8    4      1.525    109.470    180.000  0.02360    10
  14  HG2   HC     13   10    8      1.090    109.500    300.000  0.03090    11
  15  HG3   HC     13   10    8      1.090    109.500     60.000  0.03090    12
  16  CD    CT     13   10    8      1.525    109.470    180.000  0.09350    13
  17  HD2   H1     16   13   10      1.090    109.500    300.000  0.05270    14
  18  HD3   H1     16   13   10      1.090    109.500     60.000  0.05270    15
  19  NE    N2     16   13   10      1.480    111.000    180.000 -0.56500    16
  20  HE    H      19   16   13      1.010    118.500      0.000  0.35920    17
  21  CZ    CA     19   16   13      1.330    123.000    180.000  0.82810    18
  22  NH1   N2     21   19   16      1.330    122.000      0.000 -0.86930    19
  23  HH11  H      22   21   19      1.010    119.800      0.000  0.44940    20
  24  HH12  H      22   21   19      1.010    119.800    180.000  0.44940    21
  25  NH2   N2     21   19   16      1.330    118.000    180.000 -0.86930    22
  26  HH21  H      25   21   19      1.010    119.800      0.000  0.44940    23
  27  HH22  H      25   21   19      1.010    119.800    180.000  0.44940    24
  28  C     C       8    4    3      1.522    111.100    180.000  0.72140    25
  29  O     O      28    8    4      1.229    120.500      0.000 -0.60130    26
DONE
NHID
   1  DUMM  DU      0   -1   -2      0.000      0.000      0.000  0.00000     0
   2  DUMM  DU      1    0   -1      1.449      0.000      0.000  0.00000     0
   3  DUMM  DU      2    1    0      1.522    111.100      0.000  0.00000     0
   4  N     N3      3    2    1      1.335    116.600    180.000  0.15420     1
   5  H1    H       4    3    2      1.010    130.000      0.000  0.19630     2
   6  H2    H       4    3    2      1.010     60.000     90.000  0.19630     3
   7  H3    H       4    3    2      1.010     60.000    -90.000  0.19630     4
   8  CA    CT      4    3    2      1.449    121.900    180.000  0.09640     5
   9  HA    HP      8    4    3      1.090    109.500    300.000  0.09580     6
  10  CB    CT      8    4    3      1.525    111.100     60.000  0.02590     7
  11  HB2   HC     10    8    4      1.090    109.500    300.000  0.02090     8
  12  HB3   HC     10    8    4      1.090    109.500     60.000  0.02090     9
  13  CG    CC     10    8    4      1.510    115.000    180.000 -0.03990    10
  14  ND1   NA     13   10    8      1.390    122.000    180.000 -0.38190    11
  15  HD1   H      14   13   10      1.010    126.000      0.000  0.36320    12
  16  CE1   CR     14   13   10      1.320    108.000    180.000  0.21270    13
  17  HE1   H5     16   14   13      1.090    120.000    180.000  0.13850    14
  18  NE2   NB     16   14   13      1.310    109.000      0.000 -0.57110    15
  19  CD2   CV     18   16   14      1.360    110.000      0.000  0.10460    16
  20  HD2   H4     19   18   16      1.090    120.000    180.000  0.12990    17
  21  C     C       8    4    3      1.522    111.100    180.000  0.61230    18
  22  O     O      21    8    4      1.229    120.500      0.000 -0.57130    19
DONE
NHIE
   1  DUMM  DU      0   -1   -2      0.000      0.000      0.000  0.00000     0
   2  DUMM  DU      1    0   -1      1.449      0.000      0.000  0.00000     0
   3  DUMM  DU      2    1    0      1.522    111.100      0.000  0.00000     0
   4  N     N3      3    2    1      1.335    116.600    180.000  0.14720     1
   5  H1    H       4    3    2      1.010    130.000      0.000  0.20160     2
   6  H2    H       4    3    2      1.010     60.000     90.000  0.20160     3
   7  H3    H       4    3    2      1.010     60.000    -90.000  0.20160     4
   8  CA    CT      4    3    2      1.449    121.900    180.000  0.02360     5
   9  HA    HP      8    4    3      1.090    109.500    300.000  0.13800     6
  10  CB    CT      8    4    3      1.525    111.100     60.000  0.04890     7
  11  HB2   HC     10    8    4      1.090    109.500    300.000  0.02230     8
  12  HB3   HC     10    8    4      1.090    109.500     60.000  0.02230     9
  13  CG    CC     10    8    4      1.510    115.000    180.000  0.17400    10
  14  ND1   NB     13   10    8      1.390    122.000    180.000 -0.55790    11
  15  CE1   CR     14   13   10      1.320    108.000    180.000  0.18040    12
  16  HE1   H5     15   14   13      1.090    120.000    180.000  0.13970    13
  17  NE2   NA     15   14   13      1.310    109.000      0.000 -0.27810    14
  18  HE2   H      17   15   14      1.010    125.000    180.000  0.33240    15
  19  CD2   CW     17   15   14      1.360    110.000      0.000 -0.23490    16
  20  HD2   H4     19   17   15      1.090    120.000    180.000  0.19630    17
  21  C     C       8    4    3      1.522    111.100    180.000  0.61230    18
  22  O     O      21    8    4      1.229    120.500      0.000 -0.57130    19
DONE
NHIP
   1  DUMM  DU      0   -1   -2      0.000      0.000      0.000  0.00000     0
   2  DUMM  DU      1    0   -1      1.449      0.000      0.000  0.00000     0
   3  DUMM  DU      2    1    0      1.522    111.100      0.000  0.00000     0
   4  N     N3      3    2    1      1.335    116.600    180.000  0.25600     1
   5  H1    H       4    3    2      1.010    130.000      0.000  0.17040     2
   6  H2    H       4    3    2      1.010     60.000     90.000  0.17040     3
   7  H3    H       4    3    2      1.010     60.000    -90.000  0.17040     4
   8  CA    CT      4    3    2      1.449    121.900    180.000  0.05810     5
   9  HA    HP      8    4    3      1.090    109.500    300.000  0.10470     6
  10  CB    CT      8    4    3      1.525    111.100     60.000  0.04840     7
  11  HB2   HC     10    8    4      1.090    109.500    300.000  0.05310     8
  12  HB3   HC     10    8    4      1.090    109.500     60.000  0.05310     9
  13  CG    CC     10    8    4      1.510    115.000    180.000 -0.02360    10
  14  ND1   NA     13   10    8      1.390    122.000    180.000 -0.15100    11
  15  HD1   H      14   13   10      1.010    126.000      0.000  0.38210    12
  16  CE1   CR     14   13   10      1.320    108.000    180.000 -0.00110    13
  17  HE1   H5     16   14   13      1.090    120.000    180.000  0.26450    14
  18  NE2   NA     16   14   13      1.310    109.000      0.000 -0.17390    15
  19  HE2   H      18   16   14      1.010    125.000    180.000  0.39210    16
  20  CD2   CW     18   16   14      1.360    110.000      0.000 -0.14330    17
  21  HD2   H4     20   18   16      1.090    120.000    180.000  0.24950    18
  22  C     C       8    4    3      1.522    111.100    180.000  0.72140    19
  23  O     O      22    8    4      1.229    120.500      0.000 -0.60130    20
DONE
NTRP
   1  DUMM  DU      0   -1   -2      0.000      0.000      0.000  0.00000     0
   2  DUMM  DU      1    0   -1      1.449      0.000      0.000  0.00000     0
   3  DUMM  DU      2    1    0      1.522    111.100      0.000  0.00000     0
   4  N     N3      3    2    1      1.335    116.600    180.000  0.19130     1
   5  H1    H       4    3    2      1.010    130.000      0.000  0.18880     2
   6  H2    H       4    3    2      1.010     60.000     90.000  0.18880     3
   7  H3    H       4    3    2      1.010     60.000    -90.000  0.18880     4
   8  CA    CT      4    3    2      1.449    121.900    180.000  0.04210     5
   9  HA    HP      8    4    3      1.090    109.500    300.000  0.11620     6
  10  CB    CT      8    4    3      1.525    111.100     60.000  0.05430     7
  11  HB2   HC     10    8    4      1.090    109.500    300.000  0.02220     8
  12  HB3   HC     10    8    4      1.090    109.500     60.000  0.02220     9
  13  CG    C*     10    8    4      1.510    115.000    180.000 -0.16540    10
  14  CD1   CW     13   10    8      1.340    127.000    180.000 -0.17880    11
  15  HD1   H4     14   13   10      1.090    120.000      0.000  0.21950    12
  16  NE1   NA     14   13   10      1.430    107.000    180.000 -0.34440    13
  17  HE1   H      16   14   13      1.010    125.500    180.000  0.34120    14
  18  CE2   CN     16   14   13      1.310    109.000      0.000  0.15750    15
  19  CZ2   CA     18   16   14      1.400    128.000    180.000 -0.27100    16
  20  HZ2   HA     19   18   16      1.090    120.000      0.000  0.15890    17
  21  CH2   CA     19   18   16      1.390    116.000    180.000 -0.10800    18
  22  HH2   HA     21   19   18      1.090    120.000    180.000  0.14110    19
  23  CZ3   CA     21   19   18      1.350    121.000      0.000 -0.20340    20
  24  HZ3   HA     23   21   19      1.090    120.000    180.000  0.14580    21
  25  CE3   CA     23   21   19      1.410    122.000      0.000 -0.22650    22
  26  HE3   HA     25   23   21      1.090    120.000    180.000  0.16460    23
  27  CD2   CB     25   23   21      1.400    117.000      0.000  0.11320    24
  28  C     C       8    4    3      1.522    111.100    180.000  0.61230    25
  29  O     O      28    8    4      1.229    120.500      0.000 -0.57130    26
DONE
NPHE
   1  DUMM  DU      0   -1   -2      0.000      0.000      0.000  0.00000     0
   2  DUMM  DU      1    0   -1      1.449      0.000      0.000  0.00000     0
   3  DUMM  DU      2    1    0      1.522    111.100      0.000  0.00000     0
   4  N     N3      3    2    1      1.335    116.600    180.000  0.17370     1
   5  H1    H       4    3    2      1.010    130.000      0.000  0.19210     2
   6  H2    H       4    3    2      1.010     60.000     90.000  0.19210     3
   7  H3    H       4    3    2      1.010     60.000    -90.000  0.19210     4
   8  CA    CT      4    3    2      1.449    121.900    180.000  0.07330     5
   9  HA    HP      8    4    3      1.090    109.500    300.000  0.10410     6
  10  CB    CT      8    4    3      1.525    111.100     60.000  0.03300     7
  11  HB2   HC     10    8    4      1.090    109.500    300.000  0.01040     8
  12  HB3   HC     10    8    4      1.090    109.500     60.000  0.01040     9
  13  CG    CA     10    8    4      1.510    115.000    180.000  0.00310    10
  14  CD1   CA     13   10    8      1.400    120.000    180.000 -0.13920    11
  15  HD1   HA     14   13   10      1.090    120.000      0.000  0.13740    12
  16  CE1   CA     14   13   10      1.400    120.000    180.000 -0.16020    13
  17  HE1   HA     16   14   13      1.090    120.000    180.000  0.14330    14
  18  CZ    CA     16   14   13      1.400    120.000      0.000 -0.12080    15
  19  HZ    HA     18   16   14      1.090    120.000    180.000  0.13290    16
  20  CE2   CA     18   16   14      1.400    120.000      0.000 -0.16030    17
  21  HE2   HA     20   18   16      1.090    120.000    180.000  0.14330    18
  22  CD2   CA     20   18   16      1.400    120.000      0.000 -0.13910    19
  23  HD2   HA     22   20   18      1.090    120.000    180.000  0.13740    20
  24  C     C       8    4    3      1.522    111.100    180.000  0.61230    21
  25  O     O      24    8    4      1.229    120.500      0.000 -0.57130    22
DONE
NTYR
   1  DUMM  DU      0   -1   -2      0.000      0.000      0.000  0.00000     0
   2  DUMM  DU      1    0   -1      1.449      0.000      0.000  0.00000     0
   3  DUMM  DU      2    1    0      1.522    111.100      0.000  0.00000     0
   4  N     N3      3    2    1      1.335    116.600    180.000  0.19400     1
   5  H1    H       4    3    2      1.010    130.000      0.000  0.18730     2
   6  H2    H       4    3    2      1.010     60.000     90.000  0.18730     3
   7  H3    H       4    3    2      1.010     60.000    -90.000  0.18730     4
   8  CA    CT      4    3    2      1.449    121.900    180.000  0.05700     5
   9  HA    HP      8    4    3      1.090    109.500    300.000  0.09830     6
  10  CB    CT      8    4    3      1.525    111.100     60.000  0.06590     7
  11  HB2   HC     10    8    4      1.090    109.500    300.000  0.01020     8
  12  HB3   HC     10    8    4      1.090    109.500     60.000  0.01020     9
  13  CG    CA     10    8    4      1.510    109.470    180.000 -0.02050    10
  14  CD1   CA     13   10    8      1.400    120.000    180.000 -0.20020    11
  15  HD1   HA     14   13   10      1.090    120.000      0.000  0.17200    12
  16  CE1   CA     14   13   10      1.400    120.000    180.000 -0.22390    13
  17  HE1   HA     16   14   13      1.090    120.000    180.000  0.16500    14
  18  CZ    C      16   14   13      1.400    120.000      0.000  0.31390    15
  19  OH    OH     18   16   14      1.360    120.000    180.000 -0.55780    16
  20  HH    HO     19   18   16      0.960    113.000      0.000  0.40010    17
  21  CE2   CA     18   16   14      1.400    120.000      0.000 -0.22390    18
  22  HE2   HA     21   18   16      1.090    120.000    180.000  0.16500    19
  23  CD2   CA     21   18   16      1.400    120.000      0.000 -0.20020    20
  24  HD2   HA     23   21   18      1.090    120.000    180.000  0.17200    21
  25  C     C       8    4    3      1.522    111.100    180.000  0.61230    22
  26  O     O      25    8    4      1.229    120.500      0.000 -0.57130    23
DONE
NGLU
   1  DUMM  DU      0   -1   -2      0.000      0.000      0.000  0.00000     0
   2  DUMM  DU      1    0   -1      1.449      0.000      0.000  0.00000     0
   3  DUMM  DU      2    1    0      1.522    111.100      0.000  0.00000     0
   4  N     N3      3    2    1      1.335    116.600    180.000  0.00170     1
   5  H1    H       4    3    2      1.010    130.000      0.000  0.23910     2
   6  H2    H       4    3    2      1.010     60.000     90.000  0.23910     3
   7  H3    H       4    3    2      1.010     60.000    -90.000  0.23910     4
   8  CA    CT      4    3    2      1.449    121.900    180.000  0.05880     5
   9  HA    HP      8    4    3      1.090    109.500    300.000  0.12020     6
  10  CB    CT      8    4    3      1.525    111.100     60.000  0.09090     7
  11  HB2   HC     10    8    4      1.090    109.500    300.000 -0.02320     8
  12  HB3   HC     10    8    4      1.090    109.500     60.000 -0.02320     9
  13  CG    CT     10    8    4      1.510    109.470    180.000 -0.02360    10
  14  HG2   HC     13   10    8      1.090    109.500    300.000 -0.03150    11
  15  HG3   HC     13   10    8      1.090    109.500     60.000 -0.03150    12
  16  CD    C      13   10    8      1.527    109.470    180.000  0.80870    13
  17  OE1   O2     16   13   10      1.260    117.200     90.000 -0.81890    14
  18  OE2   O2     16   13   10      1.260    117.200    270.000 -0.81890    15
  19  C     C       8    4    3      1.522    111.100    180.000  0.56210    16
  20  O     O      19    8    4      1.229    120.500      0.000 -0.58890    17
DONE
NASP
   1  DUMM  DU      0   -1   -2      0.000      0.000      0.000  0.00000     0
   2  DUMM  DU      1    0   -1      1.449      0.000      0.000  0.00000     0
   3  DUMM  DU      2    1    0      1.522    111.100      0.000  0.00000     0
   4  N     N3      3    2    1      1.335    116.600    180.000  0.07820     1
   5  H1    H       4    3    2      1.010    130.000      0.000  0.22000     2
   6  H2    H       4    3    2      1.010     60.000     90.000  0.22000     3
   7  H3    H       4    3    2      1.010     60.000    -90.000  0.22000     4
   8  CA    CT      4    3    2      1.449    121.900    180.000  0.02920     5
   9  HA    HP      8    4    3      1.090    109.500    300.000  0.11410     6
  10  CB    CT      8    4    3      1.525    111.100     60.000 -0.02350     7
  11  HB2   HC     10    8    4      1.090    109.500    300.000 -0.01690     8
  12  HB3   HC     10    8    4      1.090    109.500     60.000 -0.01690     9
  13  CG    C      10    8    4      1.527    109.470    180.000  0.81940    10
  14  OD1   O2     13   10    8      1.260    117.200     90.000 -0.80840    11
  15  OD2   O2     13   10    8      1.260    117.200    270.000 -0.80840    12
  16  C     C       8    4    3      1.522    111.100    180.000  0.56210    13
  17  O     O      16    8    4      1.229    120.500      0.000 -0.58890    14
DONE
NLYS
   1  DUMM  DU      0   -1   -2      0.000      0.000      0.000  0.00000     0
   2  DUMM  DU      1    0   -1      1.449      0.000      0.000  0.00000     0
   3  DUMM  DU      2    1    0      1.522    111.100      0.000  0.00000     0
   4  N     N3      3    2    1      1.335    116.600    180.000  0.09660     1
   5  H1    H       4    3    2      1.010    130.000      0.000  0.21650     2
   6  H2    H       4    3    2      1.010     60.000     90.000  0.21650     3
   7  H3    H       4    3    2      1.010     60.000    -90.000  0.21650     4
   8  CA    CT      4    3    2      1.449    121.900    180.000 -0.00150     5
   9  HA    HP      8    4    3      1.090    109.500    300.000  0.11800     6
  10  CB    CT      8    4    3      1.525    111.100     60.000  0.02120     7
  11  HB2   HC     10    8    4      1.090    109.500    300.000  0.02830     8
  12  HB3   HC     10    8    4      1.090    109.500     60.000  0.02830     9
  13  CG    CT     10    8    4      1.525    109.470    180.000 -0.00480    10
  14  HG2   HC     13   10    8      1.090    109.500    300.000  0.01210    11
  15  HG3   HC     13   10    8      1.090    109.500     60.000  0.01210    12
  16  CD    CT     13   10    8      1.525    109.470    180.000 -0.06080    13
  17  HD2   HC     16   13   10      1.090    109.500    300.000  0.06330    14
  18  HD3   HC     16   13   10      1.090    109.500     60.000  0.06330    15
  19  CE    CT     16   13   10      1.525    109.470    180.000 -0.01810    16
  20  HE2   HP     19   16   13      1.090    109.500    300.000  0.11710    17
  21  HE3   HP     19   16   13      1.090    109.500     60.000  0.11710    18
  22  NZ    N3     19   16   13      1.470    109.470    180.000 -0.37640    19
  23  HZ1   H      22   19   16      1.010    109.470     60.000  0.33820    20
  24  HZ2   H      22   19   16      1.010    109.470    180.000  0.33820    21
  25  HZ3   H      22   19   16      1.010    109.470    300.000  0.33820    22
  26  C     C       8    4    3      1.522    111.100    180.000  0.72140    23
  27  O     O      26    8    4      1.229    120.500      0.000 -0.60130    24
DONE
NPRO 
   1  DUMM  DU      0   -1   -2      0.000      0.000      0.000  0.00000     0
   2  DUMM  DU      1    0   -1      1.449      0.000      0.000  0.00000     0
   3  DUMM  DU      2    1    0      1.522    111.100      0.000  0.00000     0
   4  N     N3      3    2    1      1.337    117.000    180.000 -0.25480     1
   5  H2    H       4    3    2      1.010     60.000     90.000  0.31200     2
   6  H3    H       4    3    2      1.010     60.000    -90.000  0.31200     3
   7  CA    CT      4    3    2      1.451    120.600    175.200 -0.02660     2
   8  HA    HP      7    4    3      1.090    109.500     60.000  0.06410     3
   9  CB    CT      7    4    3      1.510    108.900    172.630 -0.00700     4
  10  HB2   HC      9    7    4      1.090    109.500     86.900  0.02530     5
  11  HB3   HC      9    7    4      1.090    109.500    208.120  0.02530     6
  12  CG    CT      9    7    4      1.500     99.260    318.500  0.01890     7
  13  HG2   HC     12    9    7      1.090    109.500    158.200  0.02130     8
  14  HG3   HC     12    9    7      1.090    109.500    280.400  0.02130     9
  15  CD    CT     12    9    7      1.500    106.050     39.200  0.01920    10
  16  HD2   HP     15   12    9      1.090    109.500     96.220  0.03910    11
  17  HD3   HP     15   12    9      1.090    109.500    220.400  0.03910    12
  18  C     C       7    4    3      1.522    109.500    315.000  0.58960    13
  19  O     O      16    5    4      1.229    120.500      0.000 -0.57480    14
DONE
NCYS
   1  DUMM  DU      0   -1   -2      0.000      0.000      0.000  0.00000     0
   2  DUMM  DU      1    0   -1      1.449      0.000      0.000  0.00000     0
   3  DUMM  DU      2    1    0      1.522    111.100      0.000  0.00000     0
   4  N     N3      3    2    1      1.335    116.600    180.000  0.13250     1
   5  H1    H       4    3    2      1.010    130.000      0.000  0.20230     2
   6  H2    H       4    3    2      1.010     60.000     90.000  0.20230     3
   7  H3    H       4    3    2      1.010     60.000    -90.000  0.20230     4
   8  CA    CT      4    3    2      1.449    121.900    180.000  0.09270     5
   9  HA    HP      8    4    3      1.090    109.500    300.000  0.14110     6
  10  CB    CT      8    4    3      1.525    111.100     60.000 -0.11950     7
  11  HB2   H1     10    8    4      1.090    109.500    300.000  0.11880     8
  12  HB3   H1     10    8    4      1.090    109.500     60.000  0.11880     9
  13  SG    SH     10    8    4      1.810    116.000    180.000 -0.32980    10
  14  HG    HS     13   10    8      1.330     96.000    180.000  0.19750    11
  15  C     C       8    4    3      1.522    111.100    180.000  0.61230    12
  16  O     O      15    8    4      1.229    120.500      0.000 -0.57130    13
DONE
NCYX
   1  DUMM  DU      0   -1   -2      0.000      0.000      0.000  0.00000     0
   2  DUMM  DU      1    0   -1      1.449      0.000      0.000  0.00000     0
   3  DUMM  DU      2    1    0      1.522    111.100      0.000  0.00000     0
   4  N     N3      3    2    1      1.335    116.600    180.000  0.20690     1
   5  H1    H       4    3    2      1.010    130.000      0.000  0.18150     2
   6  H2    H       4    3    2      1.010     60.000     90.000  0.18150     3
   7  H3    H       4    3    2      1.010     60.000    -90.000  0.18150     4
   8  CA    CT      4    3    2      1.449    121.900    180.000  0.10550     5
   9  HA    HP      8    4    3      1.090    109.500    300.000  0.09220     6
  10  CB    CT      8    4    3      1.525    111.100     60.000 -0.02770     7
  11  HB2   H1     10    8    4      1.090    109.500    300.000  0.06800     8
  12  HB3   H1     10    8    4      1.090    109.500     60.000  0.06800     9
  13  SG    S      10    8    4      1.810    116.000    180.000 -0.09840    10
  14  C     C       8    4    3      1.522    111.100    180.000  0.61230    11
  15  O     O      14    8    4      1.229    120.500      0.000 -0.57130    12
DONE
NMET
   1  DUMM  DU      0   -1   -2      0.000      0.000      0.000  0.00000     0
   2  DUMM  DU      1    0   -1      1.449      0.000      0.000  0.00000     0
   3  DUMM  DU      2    1    0      1.522    111.100      0.000  0.00000     0
   4  N     N3      3    2    1      1.335    116.600    180.000  0.15920     1
   5  H1    H       4    3    2      1.010    130.000      0.000  0.19840     2
   6  H2    H       4    3    2      1.010     60.000     90.000  0.19840     3
   7  H3    H       4    3    2      1.010     60.000    -90.000  0.19840     4
   8  CA    CT      4    3    2      1.449    121.900    180.000  0.02210     5
   9  HA    HP      8    4    3      1.090    109.500    300.000  0.11160     6
  10  CB    CT      8    4    3      1.525    111.100     60.000  0.08650     7
  11  HB2   HC     10    8    4      1.090    109.500    300.000  0.01250     8
  12  HB3   HC     10    8    4      1.090    109.500     60.000  0.01250     9
  13  CG    CT     10    8    4      1.525    109.470    180.000  0.03340    10
  14  HG2   H1     13   10    8      1.090    109.500    300.000  0.02920    11
  15  HG3   H1     13   10    8      1.090    109.500     60.000  0.02920    12
  16  SD    S      13   10    8      1.810    110.000    180.000 -0.27740    13
  17  CE    CT     16   13   10      1.780    100.000    180.000 -0.03410    14
  18  HE1   H1     17   16   13      1.090    109.500     60.000  0.05970    15
  19  HE2   H1     17   16   13      1.090    109.500    180.000  0.05970    16
  20  HE3   H1     17   16   13      1.090    109.500    300.000  0.05970    17
  21  C     C       8    4    3      1.522    111.100    180.000  0.61230    18
  22  O     O      21    8    4      1.229    120.500      0.000 -0.57130    19
DONE
NACE 
   1  DUMM  DU      0   -1   -2      0.000      0.000      0.000  0.00000     0
   2  DUMM  DU      1    0   -1      1.000      0.000      0.000  0.00000     0
   3  DUMM  DU      2    1    0      1.000     90.000      0.000  0.00000     0
   4  HH31  HC      3    2    1      1.000     90.000    180.000  0.11230     1
   5  CH3   CT      4    3    2      1.090     90.000    180.000 -0.36620     2
   6  HH32  HC      5    4    3      1.090    109.500     60.000  0.11230     3
   7  HH33  HC      5    4    3      1.090    109.500    300.000  0.11230     4
   8  C     C       5    4    3      1.530    111.100    180.000  0.59720     5
   9  O     O       8    5    4      1.229    120.500      0.000 -0.56790     6
DONE
