ALA 
   1  DUMM  DU      0   -1   -2      0.000      0.000      0.000  0.00000     0
   2  DUMM  DU      1    0   -1      1.449      0.000      0.000  0.00000     0
   3  DUMM  DU      2    1    0      1.522    111.100      0.000  0.00000     0
   4  N     N       3    2    1      1.335    116.600    180.000 -0.41570     1
   5  H     H       4    3    2      1.010    119.800      0.000  0.27190     2
   6  CA    CT      4    3    2      1.449    121.900    180.000  0.03370     3
   7  HA    H1      6    4    3      1.090    109.500    300.000  0.08230     4
   8  CB    CT      6    4    3      1.525    111.100     60.000 -0.18250     5
   9  HB1   HC      8    6    4      1.090    109.500     60.000  0.06030     6
  10  HB2   HC      8    6    4      1.090    109.500    180.000  0.06030     7
  11  HB3   HC      8    6    4      1.090    109.500    300.000  0.06030     8
  12  C     C       6    4    3      1.522    111.100    180.000  0.59730     9
  13  O     O      12    6    4      1.229    120.500      0.000 -0.56790    10
DONE
GLY 
   1  DUMM  DU      0   -1   -2      0.000      0.000      0.000  0.00000     0
   2  DUMM  DU      1    0   -1      1.449      0.000      0.000  0.00000     0
   3  DUMM  DU      2    1    0      1.522    111.100      0.000  0.00000     0
   4  N     N       3    2    1      1.335    116.600    180.000 -0.41570     1
   5  H     H       4    3    2      1.010    119.800      0.000  0.27190     2
   6  CA    CT      4    3    2      1.449    121.900    180.000 -0.02520     3
   7  HA2   H1      6    4    3      1.090    109.500    300.000  0.06980     4
   8  HA3   H1      6    4    3      1.090    109.500     60.000  0.06980     5
   9  C     C       6    4    3      1.522    110.400    180.000  0.59730     6
  10  O     O       9    6    4      1.229    120.500      0.000 -0.56790     7
DONE
SER 
   1  DUMM  DU      0   -1   -2      0.000      0.000      0.000  0.00000     0
   2  DUMM  DU      1    0   -1      1.449      0.000      0.000  0.00000     0
   3  DUMM  DU      2    1    0      1.522    111.100      0.000  0.00000     0
   4  N     N       3    2    1      1.335    116.600    180.000 -0.41570     1
   5  H     H       4    3    2      1.010    119.800      0.000  0.27190     2
   6  CA    CT      4    3    2      1.449    121.900    180.000 -0.02490     3
   7  HA    H1      6    4    3      1.090    109.500    300.000  0.08430     4
   8  CB    CT      6    4    3      1.525    111.100     60.000  0.21170     5
   9  HB2   H1      8    6    4      1.090    109.500    300.000  0.03520     6
  10  HB3   H1      8    6    4      1.090    109.500     60.000  0.03520     7
  11  OG    OH      8    6    4      1.430    109.470    180.000 -0.65460     8
  12  HG    HO     11    8    6      0.960    109.470    180.000  0.42750     9
  13  C     C       6    4    3      1.522    111.100    180.000  0.59730    10
  14  O     O      13    6    4      1.229    120.500      0.000 -0.56790    11
DONE
THR 
   1  DUMM  DU      0   -1   -2      0.000      0.000      0.000  0.00000     0
   2  DUMM  DU      1    0   -1      1.449      0.000      0.000  0.00000     0
   3  DUMM  DU      2    1    0      1.522    111.100      0.000  0.00000     0
   4  N     N       3    2    1      1.335    116.600    180.000 -0.41570     1
   5  H     H       4    3    2      1.010    119.800      0.000  0.27190     2
   6  CA    CT      4    3    2      1.449    121.900    180.000 -0.03890     3
   7  HA    H1      6    4    3      1.090    109.500    300.000  0.10070     4
   8  CB    CT      6    4    3      1.525    111.100     60.000  0.36540     5
   9  HB    H1      8    6    4      1.090    109.500    180.000  0.00430     6
  10  CG2   CT      8    6    4      1.525    109.470    300.000 -0.24380     7
  11  HG21  HC     10    8    6      1.090    109.500     60.000  0.06420     8
  12  HG22  HC     10    8    6      1.090    109.500    180.000  0.06420     9
  13  HG23  HC     10    8    6      1.090    109.500    300.000  0.06420    10
  14  OG1   OH      8    6    4      1.430    109.470     60.000 -0.67610    11
  15  HG1   HO     14    8    6      0.960    109.470    180.000  0.41020    12
  16  C     C       6    4    3      1.522    111.100    180.000  0.59730    13
  17  O     O      16    6    4      1.229    120.500      0.000 -0.56790    14
DONE
LEU 
   1  DUMM  DU      0   -1   -2      0.000      0.000      0.000  0.00000     0
   2  DUMM  DU      1    0   -1      1.449      0.000      0.000  0.00000     0
   3  DUMM  DU      2    1    0      1.522    111.100      0.000  0.00000     0
   4  N     N       3    2    1      1.335    116.600    180.000 -0.41570     1
   5  H     H       4    3    2      1.010    119.800      0.000  0.27190     2
   6  CA    CT      4    3    2      1.449    121.900    180.000 -0.05180     3
   7  HA    H1      6    4    3      1.090    109.500    300.000  0.09220     4
   8  CB    CT      6    4    3      1.525    111.100     60.000 -0.11020     5
   9  HB2   HC      8    6    4      1.090    109.500    300.000  0.04570     6
  10  HB3   HC      8    6    4      1.090    109.500     60.000  0.04570     7
  11  CG    CT      8    6    4      1.525    109.470    180.000  0.35310     8
  12  HG    HC     11    8    6      1.090    109.500    300.000 -0.03610     9
  13  CD1   CT     11    8    6      1.525    109.470     60.000 -0.41210    10
  14  HD11  HC     13   11    8      1.090    109.500     60.000  0.10000    11
  15  HD12  HC     13   11    8      1.090    109.500    180.000  0.10000    12
  16  HD13  HC     13   11    8      1.090    109.500    300.000  0.10000    13
  17  CD2   CT     11    8    6      1.525    109.470    180.000 -0.41210    14
  18  HD21  HC     17   11    8      1.090    109.500     60.000  0.10000    15
  19  HD22  HC     17   11    8      1.090    109.500    180.000  0.10000    16
  20  HD23  HC     17   11    8      1.090    109.500    300.000  0.10000    17
  21  C     C       6    4    3      1.522    111.100    180.000  0.59730    18
  22  O     O      21    6    4      1.229    120.500      0.000 -0.56790    19
DONE
ILE 
   1  DUMM  DU      0   -1   -2      0.000      0.000      0.000  0.00000     0
   2  DUMM  DU      1    0   -1      1.449      0.000      0.000  0.00000     0
   3  DUMM  DU      2    1    0      1.522    111.100      0.000  0.00000     0
   4  N     N       3    2    1      1.335    116.600    180.000 -0.41570     1
   5  H     H       4    3    2      1.010    119.800      0.000  0.27190     2
   6  CA    CT      4    3    2      1.449    121.900    180.000 -0.05970     3
   7  HA    H1      6    4    3      1.090    109.500    300.000  0.08690     4
   8  CB    CT      6    4    3      1.525    109.470     60.000  0.13030     5
   9  HB    HC      8    6    4      1.090    109.500    300.000  0.01870     6
  10  CG2   CT      8    6    4      1.525    109.470     60.000 -0.32040     7
  11  HG21  HC     10    8    6      1.090    109.500     60.000  0.08820     8
  12  HG22  HC     10    8    6      1.090    109.500    180.000  0.08820     9
  13  HG23  HC     10    8    6      1.090    109.500    300.000  0.08820    10
  14  CG1   CT      8    6    4      1.525    109.470    180.000 -0.04300    11
  15  HG12  HC     14    8    6      1.090    109.500    300.000  0.02360    12
  16  HG13  HC     14    8    6      1.090    109.500     60.000  0.02360    13
  17  CD1   CT     14    8    6      1.525    109.470    180.000 -0.06600    14
  18  HD11  HC     17   14    8      1.090    109.500     60.000  0.01860    15
  19  HD12  HC     17   14    8      1.090    109.500    180.000  0.01860    16
  20  HD13  HC     17   14    8      1.090    109.500    300.000  0.01860    17
  21  C     C       6    4    3      1.522    111.100    180.000  0.59730    18
  22  O     O      21    6    4      1.229    120.500      0.000 -0.56790    19
DONE
VAL 
   1  DUMM  DU      0   -1   -2      0.000      0.000      0.000  0.00000     0
   2  DUMM  DU      1    0   -1      1.449      0.000      0.000  0.00000     0
   3  DUMM  DU      2    1    0      1.522    111.100      0.000  0.00000     0
   4  N     N       3    2    1      1.335    116.600    180.000 -0.41570     1
   5  H     H       4    3    2      1.010    119.800      0.000  0.27190     2
   6  CA    CT      4    3    2      1.449    121.900    180.000 -0.08750     3
   7  HA    H1      6    4    3      1.090    109.500    300.000  0.09690     4
   8  CB    CT      6    4    3      1.525    111.100     60.000  0.29850     5
   9  HB    HC      8    6    4      1.090    109.500    300.000 -0.02970     6
  10  CG1   CT      8    6    4      1.525    109.470     60.000 -0.31920     7
  11  HG11  HC     10    8    6      1.090    109.500     60.000  0.07910     8
  12  HG12  HC     10    8    6      1.090    109.500    180.000  0.07910     9
  13  HG13  HC     10    8    6      1.090    109.500    300.000  0.07910    10
  14  CG2   CT      8    6    4      1.525    109.470    180.000 -0.31920    11
  15  HG21  HC     14    8    6      1.090    109.500     60.000  0.07910    12
  16  HG22  HC     14    8    6      1.090    109.500    180.000  0.07910    13
  17  HG23  HC     14    8    6      1.090    109.500    300.000  0.07910    14
  18  C     C       6    4    3      1.522    111.100    180.000  0.59730    15
  19  O     O      18    6    4      1.229    120.500      0.000 -0.56790    16
DONE
ASN 
   1  DUMM  DU      0   -1   -2      0.000      0.000      0.000  0.00000     0
   2  DUMM  DU      1    0   -1      1.449      0.000      0.000  0.00000     0
   3  DUMM  DU      2    1    0      1.522    111.100      0.000  0.00000     0
   4  N     N       3    2    1      1.335    116.600    180.000 -0.41570     1
   5  H     H       4    3    2      1.010    119.800      0.000  0.27190     2
   6  CA    CT      4    3    2      1.449    121.900    180.000  0.01430     3
   7  HA    H1      6    4    3      1.090    109.500    300.000  0.10480     4
   8  CB    CT      6    4    3      1.525    111.100     60.000 -0.20410     5
   9  HB2   HC      8    6    4      1.090    109.500    300.000  0.07970     6
  10  HB3   HC      8    6    4      1.090    109.500     60.000  0.07970     7
  11  CG    C       8    6    4      1.522    111.100    180.000  0.71300     8
  12  OD1   O      11    8    6      1.229    120.500      0.000 -0.59310     9
  13  ND2   N      11    8    6      1.335    116.600    180.000 -0.91910    10
  14  HD21  H      13   11    8      1.010    119.800    180.000  0.41960    11
  15  HD22  H      13   11    8      1.010    119.800      0.000  0.41960    12
  16  C     C       6    4    3      1.522    111.100    180.000  0.59730    13
  17  O     O      16    6    4      1.229    120.500      0.000 -0.56790    14
DONE
GLN 
   1  DUMM  DU      0   -1   -2      0.000      0.000      0.000  0.00000     0
   2  DUMM  DU      1    0   -1      1.449      0.000      0.000  0.00000     0
   3  DUMM  DU      2    1    0      1.522    111.100      0.000  0.00000     0
   4  N     N       3    2    1      1.335    116.600    180.000 -0.41570     1
   5  H     H       4    3    2      1.010    119.800      0.000  0.27190     2
   6  CA    CT      4    3    2      1.449    121.900    180.000 -0.00310     3
   7  HA    H1      6    4    3      1.090    109.500    300.000  0.08500     4
   8  CB    CT      6    4    3      1.525    111.100     60.000 -0.00360     5
   9  HB2   HC      8    6    4      1.090    109.500    300.000  0.01710     6
  10  HB3   HC      8    6    4      1.090    109.500     60.000  0.01710     7
  11  CG    CT      8    6    4      1.525    109.470    180.000 -0.06450     8
  12  HG2   HC     11    8    6      1.090    109.500    300.000  0.03520     9
  13  HG3   HC     11    8    6      1.090    109.500     60.000  0.03520    10
  14  CD    C      11    8    6      1.522    111.100    180.000  0.69510    11
  15  OE1   O      14   11    8      1.229    120.500      0.000 -0.60860    12
  16  NE2   N      14   11    8      1.335    116.600    180.000 -0.94070    13
  17  HE21  H      16   14   11      1.010    119.800    180.000  0.42510    14
  18  HE22  H      16   14   11      1.010    119.800      0.000  0.42510    15
  19  C     C       6    4    3      1.522    111.100    180.000  0.59730    16
  20  O     O      19    6    4      1.229    120.500      0.000 -0.56790    17
DONE
ARG 
   1  DUMM  DU      0   -1   -2      0.000      0.000      0.000  0.00000     0
   2  DUMM  DU      1    0   -1      1.449      0.000      0.000  0.00000     0
   3  DUMM  DU      2    1    0      1.522    111.100      0.000  0.00000     0
   4  N     N       3    2    1      1.335    116.600    180.000 -0.34790     1
   5  H     H       4    3    2      1.010    119.800      0.000  0.27470     2
   6  CA    CT      4    3    2      1.449    121.900    180.000 -0.26370     3
   7  HA    H1      6    4    3      1.090    109.500    300.000  0.15600     4
   8  CB    CT      6    4    3      1.525    111.100     60.000 -0.00070     5
   9  HB2   HC      8    6    4      1.090    109.500    300.000  0.03270     6
  10  HB3   HC      8    6    4      1.090    109.500     60.000  0.03270     7
  11  CG    CT      8    6    4      1.525    109.470    180.000  0.03900     8
  12  HG2   HC     11    8    6      1.090    109.500    300.000  0.02850     9
  13  HG3   HC     11    8    6      1.090    109.500     60.000  0.02850    10
  14  CD    CT     11    8    6      1.525    109.470    180.000  0.04860    11
  15  HD2   H1     14   11    8      1.090    109.500    300.000  0.06870    12
  16  HD3   H1     14   11    8      1.090    109.500     60.000  0.06870    13
  17  NE    N2     14   11    8      1.480    111.000    180.000 -0.52950    14
  18  HE    H      17   14   11      1.010    118.500      0.000  0.34560    15
  19  CZ    CA     17   14   11      1.330    123.000    180.000  0.80760    16
  20  NH1   N2     19   17   14      1.330    122.000      0.000 -0.86270    17
  21  HH11  H      20   19   17      1.010    119.800      0.000  0.44780    18
  22  HH12  H      20   19   17      1.010    119.800    180.000  0.44780    19
  23  NH2   N2     19   17   14      1.330    118.000    180.000 -0.86270    20
  24  HH21  H      23   19   17      1.010    119.800      0.000  0.44780    21
  25  HH22  H      23   19   17      1.010    119.800    180.000  0.44780    22
  26  C     C       6    4    3      1.522    111.100    180.000  0.73410    23
  27  O     O      26    6    4      1.229    120.500      0.000 -0.58940    24
DONE
HID 
   1  DUMM  DU      0   -1   -2      0.000      0.000      0.000  0.00000     0
   2  DUMM  DU      1    0   -1      1.449      0.000      0.000  0.00000     0
   3  DUMM  DU      2    1    0      1.522    111.100      0.000  0.00000     0
   4  N     N       3    2    1      1.335    116.600    180.000 -0.41570     1
   5  H     H       4    3    2      1.010    119.800      0.000  0.27190     2
   6  CA    CT      4    3    2      1.449    121.900    180.000  0.01880     3
   7  HA    H1      6    4    3      1.090    109.500    300.000  0.08810     4
   8  CB    CT      6    4    3      1.525    111.100     60.000 -0.04620     5
   9  HB2   HC      8    6    4      1.090    109.500    300.000  0.04020     6
  10  HB3   HC      8    6    4      1.090    109.500     60.000  0.04020     7
  11  CG    CC      8    6    4      1.510    115.000    180.000 -0.02660     8
  12  ND1   NA     11    8    6      1.390    122.000    180.000 -0.38110     9
  13  HD1   H      12   11    8      1.010    126.000      0.000  0.36490    10
  14  CE1   CR     12   11    8      1.320    108.000    180.000  0.20570    11
  15  HE1   H5     14   12   11      1.090    120.000    180.000  0.13920    12
  16  NE2   NB     14   12   11      1.310    109.000      0.000 -0.57270    13
  17  CD2   CV     16   14   12      1.360    110.000      0.000  0.12920    14
  18  HD2   H4     17   16   14      1.090    120.000    180.000  0.11470    15
  19  C     C       6    4    3      1.522    111.100    180.000  0.59730    16
  20  O     O      19    6    4      1.229    120.500      0.000 -0.56790    17
DONE
HIE 
   1  DUMM  DU      0   -1   -2      0.000      0.000      0.000  0.00000     0
   2  DUMM  DU      1    0   -1      1.449      0.000      0.000  0.00000     0
   3  DUMM  DU      2    1    0      1.522    111.100      0.000  0.00000     0
   4  N     N       3    2    1      1.335    116.600    180.000 -0.41570     1
   5  H     H       4    3    2      1.010    119.800      0.000  0.27190     2
   6  CA    CT      4    3    2      1.449    121.900    180.000 -0.05810     3
   7  HA    H1      6    4    3      1.090    109.500    300.000  0.13600     4
   8  CB    CT      6    4    3      1.525    111.100     60.000 -0.00740     5
   9  HB2   HC      8    6    4      1.090    109.500    300.000  0.03670     6
  10  HB3   HC      8    6    4      1.090    109.500     60.000  0.03670     7
  11  CG    CC      8    6    4      1.510    115.000    180.000  0.18680     8
  12  ND1   NB     11    8    6      1.390    122.000    180.000 -0.54320     9
  13  CE1   CR     12   11    8      1.320    108.000    180.000  0.16350    10
  14  HE1   H5     13   12   11      1.090    120.000    180.000  0.14350    11
  15  NE2   NA     13   12   11      1.310    109.000      0.000 -0.27950    12
  16  HE2   H      15   13   12      1.010    125.000    180.000  0.33390    13
  17  CD2   CW     15   13   12      1.360    110.000      0.000 -0.22070    14
  18  HD2   H4     17   15   13      1.090    120.000    180.000  0.18620    15
  19  C     C       6    4    3      1.522    111.100    180.000  0.59730    16
  20  O     O      19    6    4      1.229    120.500      0.000 -0.56790    17
DONE
HIP 
   1  DUMM  DU      0   -1   -2      0.000      0.000      0.000  0.00000     0
   2  DUMM  DU      1    0   -1      1.449      0.000      0.000  0.00000     0
   3  DUMM  DU      2    1    0      1.522    111.100      0.000  0.00000     0
   4  N     N       3    2    1      1.335    116.600    180.000 -0.34790     1
   5  H     H       4    3    2      1.010    119.800      0.000  0.27470     2
   6  CA    CT      4    3    2      1.449    121.900    180.000 -0.13540     3
   7  HA    H1      6    4    3      1.090    109.500    300.000  0.12120     4
   8  CB    CT      6    4    3      1.525    111.100     60.000 -0.04140     5
   9  HB2   HC      8    6    4      1.090    109.500    300.000  0.08100     6
  10  HB3   HC      8    6    4      1.090    109.500     60.000  0.08100     7
  11  CG    CC      8    6    4      1.510    115.000    180.000 -0.00120     8
  12  ND1   NA     11    8    6      1.390    122.000    180.000 -0.15130     9
  13  HD1   H      12   11    8      1.010    126.000      0.000  0.38660    10
  14  CE1   CR     12   11    8      1.320    108.000    180.000 -0.01700    11
  15  HE1   H5     14   12   11      1.090    120.000    180.000  0.26810    12
  16  NE2   NA     14   12   11      1.310    109.000      0.000 -0.17180    13
  17  HE2   H      16   14   12      1.010    125.000    180.000  0.39110    14
  18  CD2   CW     16   14   12      1.360    110.000      0.000 -0.11410    15
  19  HD2   H4     18   16   14      1.090    120.000    180.000  0.23170    16
  20  C     C       6    4    3      1.522    111.100    180.000  0.73410    17
  21  O     O      20    6    4      1.229    120.500      0.000 -0.58940    18
DONE
TRP 
   1  DUMM  DU      0   -1   -2      0.000      0.000      0.000  0.00000     0
   2  DUMM  DU      1    0   -1      1.449      0.000      0.000  0.00000     0
   3  DUMM  DU      2    1    0      1.522    111.100      0.000  0.00000     0
   4  N     N       3    2    1      1.335    116.600    180.000 -0.41570     1
   5  H     H       4    3    2      1.010    119.800      0.000  0.27190     2
   6  CA    CT      4    3    2      1.449    121.900    180.000 -0.02750     3
   7  HA    H1      6    4    3      1.090    109.500    300.000  0.11230     4
   8  CB    CT      6    4    3      1.525    111.100     60.000 -0.00500     5
   9  HB2   HC      8    6    4      1.090    109.500    300.000  0.03390     6
  10  HB3   HC      8    6    4      1.090    109.500     60.000  0.03390     7
  11  CG    C*      8    6    4      1.510    115.000    180.000 -0.14150     8
  12  CD1   CW     11    8    6      1.340    127.000    180.000 -0.16380     9
  13  HD1   H4     12   11    8      1.090    120.000      0.000  0.20620    10
  14  NE1   NA     12   11    8      1.430    107.000    180.000 -0.34180    11
  15  HE1   H      14   12   11      1.010    125.500    180.000  0.34120    12
  16  CE2   CN     14   12   11      1.310    109.000      0.000  0.13800    13
  17  CZ2   CA     16   14   12      1.400    128.000    180.000 -0.26010    14
  18  HZ2   HA     17   16   14      1.090    120.000      0.000  0.15720    15
  19  CH2   CA     17   16   14      1.390    116.000    180.000 -0.11340    16
  20  HH2   HA     19   17   16      1.090    120.000    180.000  0.14170    17
  21  CZ3   CA     19   17   16      1.350    121.000      0.000 -0.19720    18
  22  HZ3   HA     21   19   17      1.090    120.000    180.000  0.14470    19
  23  CE3   CA     21   19   17      1.410    122.000      0.000 -0.23870    20
  24  HE3   HA     23   21   19      1.090    120.000    180.000  0.17000    21
  25  CD2   CB     23   21   19      1.400    117.000      0.000  0.12430    22
  26  C     C       6    4    3      1.522    111.100    180.000  0.59730    23
  27  O     O      26    6    4      1.229    120.500      0.000 -0.56790    24
DONE
PHE 
   1  DUMM  DU      0   -1   -2      0.000      0.000      0.000  0.00000     0
   2  DUMM  DU      1    0   -1      1.449      0.000      0.000  0.00000     0
   3  DUMM  DU      2    1    0      1.522    111.100      0.000  0.00000     0
   4  N     N       3    2    1      1.335    116.600    180.000 -0.41570     1
   5  H     H       4    3    2      1.010    119.800      0.000  0.27190     2
   6  CA    CT      4    3    2      1.449    121.900    180.000 -0.00240     3
   7  HA    H1      6    4    3      1.090    109.500    300.000  0.09780     4
   8  CB    CT      6    4    3      1.525    111.100     60.000 -0.03430     5
   9  HB2   HC      8    6    4      1.090    109.500    300.000  0.02950     6
  10  HB3   HC      8    6    4      1.090    109.500     60.000  0.02950     7
  11  CG    CA      8    6    4      1.510    115.000    180.000  0.01180     8
  12  CD1   CA     11    8    6      1.400    120.000    180.000 -0.12560     9
  13  HD1   HA     12   11    8      1.090    120.000      0.000  0.13300    10
  14  CE1   CA     12   11    8      1.400    120.000    180.000 -0.17040    11
  15  HE1   HA     14   12   11      1.090    120.000    180.000  0.14300    12
  16  CZ    CA     14   12   11      1.400    120.000      0.000 -0.10720    13
  17  HZ    HA     16   14   12      1.090    120.000    180.000  0.12970    14
  18  CE2   CA     16   14   12      1.400    120.000      0.000 -0.17040    15
  19  HE2   HA     18   16   14      1.090    120.000    180.000  0.14300    16
  20  CD2   CA     18   16   14      1.400    120.000      0.000 -0.12560    17
  21  HD2   HA     20   18   16      1.090    120.000    180.000  0.13300    18
  22  C     C       6    4    3      1.522    111.100    180.000  0.59730    19
  23  O     O      22    6    4      1.229    120.500      0.000 -0.56790    20
DONE
TYR 
   1  DUMM  DU      0   -1   -2      0.000      0.000      0.000  0.00000     0
   2  DUMM  DU      1    0   -1      1.449      0.000      0.000  0.00000     0
   3  DUMM  DU      2    1    0      1.522    111.100      0.000  0.00000     0
   4  N     N       3    2    1      1.335    116.600    180.000 -0.41570     1
   5  H     H       4    3    2      1.010    119.800      0.000  0.27190     2
   6  CA    CT      4    3    2      1.449    121.900    180.000 -0.00140     3
   7  HA    H1      6    4    3      1.090    109.500    300.000  0.08760     4
   8  CB    CT      6    4    3      1.525    111.100     60.000 -0.01520     5
   9  HB2   HC      8    6    4      1.090    109.500    300.000  0.02950     6
  10  HB3   HC      8    6    4      1.090    109.500     60.000  0.02950     7
  11  CG    CA      8    6    4      1.510    109.470    180.000 -0.00110     8
  12  CD1   CA     11    8    6      1.400    120.000    180.000 -0.19060     9
  13  HD1   HA     12   11    8      1.090    120.000      0.000  0.16990    10
  14  CE1   CA     12   11    8      1.400    120.000    180.000 -0.23410    11
  15  HE1   HA     14   12   11      1.090    120.000    180.000  0.16560    12
  16  CZ    C      14   12   11      1.400    120.000      0.000  0.32260    13
  17  OH    OH     16   14   12      1.360    120.000    180.000 -0.55790    14
  18  HH    HO     17   16   14      0.960    113.000      0.000  0.39920    15
  19  CE2   CA     16   14   12      1.400    120.000      0.000 -0.23410    16
  20  HE2   HA     19   16   14      1.090    120.000    180.000  0.16560    17
  21  CD2   CA     19   16   14      1.400    120.000      0.000 -0.19060    18
  22  HD2   HA     21   19   16      1.090    120.000    180.000  0.16990    19
  23  C     C       6    4    3      1.522    111.100    180.000  0.59730    20
  24  O     O      23    6    4      1.229    120.500      0.000 -0.56790    21
DONE
GLU 
   1  DUMM  DU      0   -1   -2      0.000      0.000      0.000  0.00000     0
   2  DUMM  DU      1    0   -1      1.449      0.000      0.000  0.00000     0
   3  DUMM  DU      2    1    0      1.522    111.100      0.000  0.00000     0
   4  N     N       3    2    1      1.335    116.600    180.000 -0.51630     1
   5  H     H       4    3    2      1.010    119.800      0.000  0.29360     2
   6  CA    CT      4    3    2      1.449    121.900    180.000  0.03970     3
   7  HA    H1      6    4    3      1.090    109.500    300.000  0.11050     4
   8  CB    CT      6    4    3      1.525    111.100     60.000  0.05600     5
   9  HB2   HC      8    6    4      1.090    109.500    300.000 -0.01730     6
  10  HB3   HC      8    6    4      1.090    109.500     60.000 -0.01730     7
  11  CG    CT      8    6    4      1.510    109.470    180.000  0.01360     8
  12  HG2   HC     11    8    6      1.090    109.500    300.000 -0.04250     9
  13  HG3   HC     11    8    6      1.090    109.500     60.000 -0.04250    10
  14  CD    C      11    8    6      1.527    109.470    180.000  0.80540    11
  15  OE1   O2     14   11    8      1.260    117.200     90.000 -0.81880    12
  16  OE2   O2     14   11    8      1.260    117.200    270.000 -0.81880    13
  17  C     C       6    4    3      1.522    111.100    180.000  0.53660    14
  18  O     O      17    6    4      1.229    120.500      0.000 -0.58190    15
DONE
ASP 
   1  DUMM  DU      0   -1   -2      0.000      0.000      0.000  0.00000     0
   2  DUMM  DU      1    0   -1      1.449      0.000      0.000  0.00000     0
   3  DUMM  DU      2    1    0      1.522    111.100      0.000  0.00000     0
   4  N     N       3    2    1      1.335    116.600    180.000 -0.51630     1
   5  H     H       4    3    2      1.010    119.800      0.000  0.29360     2
   6  CA    CT      4    3    2      1.449    121.900    180.000  0.03810     3
   7  HA    H1      6    4    3      1.090    109.500    300.000  0.08800     4
   8  CB    CT      6    4    3      1.525    111.100     60.000 -0.03030     5
   9  HB2   HC      8    6    4      1.090    109.500    300.000 -0.01220     6
  10  HB3   HC      8    6    4      1.090    109.500     60.000 -0.01220     7
  11  CG    C       8    6    4      1.527    109.470    180.000  0.79940     8
  12  OD1   O2     11    8    6      1.260    117.200     90.000 -0.80140     9
  13  OD2   O2     11    8    6      1.260    117.200    270.000 -0.80140    10
  14  C     C       6    4    3      1.522    111.100    180.000  0.53660    11
  15  O     O      14    6    4      1.229    120.500      0.000 -0.58190    12
DONE
LYS 
   1  DUMM  DU      0   -1   -2      0.000      0.000      0.000  0.00000     0
   2  DUMM  DU      1    0   -1      1.449      0.000      0.000  0.00000     0
   3  DUMM  DU      2    1    0      1.522    111.100      0.000  0.00000     0
   4  N     N       3    2    1      1.335    116.600    180.000 -0.34790     1
   5  H     H       4    3    2      1.010    119.800      0.000  0.27470     2
   6  CA    CT      4    3    2      1.449    121.900    180.000 -0.24000     3
   7  HA    H1      6    4    3      1.090    109.500    300.000  0.14260     4
   8  CB    CT      6    4    3      1.525    111.100     60.000 -0.00940     5
   9  HB2   HC      8    6    4      1.090    109.500    300.000  0.03620     6
  10  HB3   HC      8    6    4      1.090    109.500     60.000  0.03620     7
  11  CG    CT      8    6    4      1.525    109.470    180.000  0.01870     8
  12  HG2   HC     11    8    6      1.090    109.500    300.000  0.01030     9
  13  HG3   HC     11    8    6      1.090    109.500     60.000  0.01030    10
  14  CD    CT     11    8    6      1.525    109.470    180.000 -0.04790    11
  15  HD2   HC     14   11    8      1.090    109.500    300.000  0.06210    12
  16  HD3   HC     14   11    8      1.090    109.500     60.000  0.06210    13
  17  CE    CT     14   11    8      1.525    109.470    180.000 -0.01430    14
  18  HE2   HP     17   14   11      1.090    109.500    300.000  0.11350    15
  19  HE3   HP     17   14   11      1.090    109.500     60.000  0.11350    16
  20  NZ    N3     17   14   11      1.470    109.470    180.000 -0.38540    17
  21  HZ1   H      20   17   14      1.010    109.470     60.000  0.34000    18
  22  HZ2   H      20   17   14      1.010    109.470    180.000  0.34000    19
  23  HZ3   H      20   17   14      1.010    109.470    300.000  0.34000    20
  24  C     C       6    4    3      1.522    111.100    180.000  0.73410    21
  25  O     O      24    6    4      1.229    120.500      0.000 -0.58940    22
DONE
LYN 
   1  DUMM  DU      0   -1   -2      0.000      0.000      0.000  0.00000     0
   2  DUMM  DU      1    0   -1      1.449      0.000      0.000  0.00000     0
   3  DUMM  DU      2    1    0      1.522    111.100      0.000  0.00000     0
   4  N     N       3    2    1      1.335    116.600    180.000 -0.41570     1
   5  H     H       4    3    2      1.010    119.800      0.000  0.27190     2
   6  CA    CT      4    3    2      1.449    121.900    180.000 -0.07206     3
   7  HA    H1      6    4    3      1.090    109.500    300.000  0.09940     4
   8  CB    CT      6    4    3      1.525    111.100     60.000 -0.04845     5
   9  HB2   HC      8    6    4      1.090    109.500    300.000  0.03400     6
  10  HB3   HC      8    6    4      1.090    109.500     60.000  0.03400     7
  11  CG    CT      8    6    4      1.525    109.470    180.000  0.06612     8
  12  HG2   HC     11    8    6      1.090    109.500    300.000  0.01041     9
  13  HG3   HC     11    8    6      1.090    109.500     60.000  0.01041    10
  14  CD    CT     11    8    6      1.525    109.470    180.000 -0.03768    11
  15  HD2   HC     14   11    8      1.090    109.500    300.000  0.01155    12
  16  HD3   HC     14   11    8      1.090    109.500     60.000  0.01155    13
  17  CE    CT     14   11    8      1.525    109.470    180.000  0.32604    14
  18  HE2   HP     17   14   11      1.090    109.500    300.000 -0.03358    15
  19  HE3   HP     17   14   11      1.090    109.500     60.000 -0.03358    16
  20  NZ    N3     17   14   11      1.470    109.470    180.000 -1.03581    17
  21  HZ2   H      20   17   14      1.010    109.470    180.000  0.38604    18
  22  HZ3   H      20   17   14      1.010    109.470    300.000  0.38604    19
  23  C     C       6    4    3      1.522    111.100    180.000  0.59730    20
  24  O     O      23    6    4      1.229    120.500      0.000 -0.56790    21
DONE
PRO 
   1  DUMM  DU      0   -1   -2      0.000      0.000      0.000  0.00000     0
   2  DUMM  DU      1    0   -1      1.449      0.000      0.000  0.00000     0
   3  DUMM  DU      2    1    0      1.522    111.100      0.000  0.00000     0
   4  N     N       3    2    1      1.337    117.000    180.000 -0.25480     1
   5  CA    CT      4    3    2      1.451    120.600    175.200 -0.02660     2
   6  HA    H1      5    4    3      1.090    109.500     60.000  0.06410     3
   7  CB    CT      5    4    3      1.510    108.900    172.630 -0.00700     4
   8  HB2   HC      7    5    4      1.090    109.500     86.900  0.02530     5
   9  HB3   HC      7    5    4      1.090    109.500    208.120  0.02530     6
  10  CG    CT      7    5    4      1.500     99.260    318.500  0.01890     7
  11  HG2   HC     10    7    5      1.090    109.500    158.200  0.02130     8
  12  HG3   HC     10    7    5      1.090    109.500    280.400  0.02130     9
  13  CD    CT     10    7    5      1.500    106.050     39.200  0.01920    10
  14  HD2   H1     13   10    7      1.090    109.500     96.220  0.03910    11
  15  HD3   H1     13   10    7      1.090    109.500    220.400  0.03910    12
  16  C     C       5    4    3      1.522    109.500    315.000  0.58960    13
  17  O     O      16    5    4      1.229    120.500      0.000 -0.57480    14
DONE
CYS 
   1  DUMM  DU      0   -1   -2      0.000      0.000      0.000  0.00000     0
   2  DUMM  DU      1    0   -1      1.449      0.000      0.000  0.00000     0
   3  DUMM  DU      2    1    0      1.522    111.100      0.000  0.00000     0
   4  N     N       3    2    1      1.335    116.600    180.000 -0.41570     1
   5  H     H       4    3    2      1.010    119.800      0.000  0.27190     2
   6  CA    CT      4    3    2      1.449    121.900    180.000  0.02130     3
   7  HA    H1      6    4    3      1.090    109.500    300.000  0.11240     4
   8  CB    CT      6    4    3      1.525    111.100     60.000 -0.12310     5
   9  HB2   H1      8    6    4      1.090    109.500    300.000  0.11120     6
  10  HB3   H1      8    6    4      1.090    109.500     60.000  0.11120     7
  11  SG    SH      8    6    4      1.810    116.000    180.000 -0.31190     8
  12  HG    HS     11    8    6      1.330     96.000    180.000  0.19330     9
  13  C     C       6    4    3      1.522    111.100    180.000  0.59730    10
  14  O     O      13    6    4      1.229    120.500      0.000 -0.56790    11
DONE
CYM 
   1  DUMM  DU      0   -1   -2      0.000      0.000      0.000 -0.41570     0
   2  DUMM  DU      1    0   -1      1.449      0.000      0.000  0.27190     0
   3  DUMM  DU      2    1    0      1.522    111.100      0.000 -0.03510     0
   4  N     N       3    2    1      1.335    116.600    180.000  0.05080     1
   5  HN    H       4    3    2      1.010    119.800      0.000 -0.24130     2
   6  CA    CT      4    3    2      1.449    121.900    180.000  0.11220     3
   7  HA    H1      6    4    3      1.090    109.500    300.000  0.11220     4
   8  CB    CT      6    4    3      1.525    111.100     60.000 -0.88440     5
   9  HB3   H1      8    6    4      1.090    109.500     60.000  0.59730     6
  10  HB2   H1      8    6    4      1.090    109.500    300.000 -0.56790     7
  11  SG    SH      8    6    4      1.810    116.000    180.000  0.00000     8
  12  C     C       6    4    3      1.522    111.100    180.000  0.00000     9
  13  O     O      12    6    4      1.229    120.500      0.000  0.00000    10
DONE
CYX 
   1  DUMM  DU      0   -1   -2      0.000      0.000      0.000  0.00000     0
   2  DUMM  DU      1    0   -1      1.449      0.000      0.000  0.00000     0
   3  DUMM  DU      2    1    0      1.522    111.100      0.000  0.00000     0
   4  N     N       3    2    1      1.335    116.600    180.000 -0.41570     1
   5  H     H       4    3    2      1.010    119.800      0.000  0.27190     2
   6  CA    CT      4    3    2      1.449    121.900    180.000  0.04290     3
   7  HA    H1      6    4    3      1.090    109.500    300.000  0.07660     4
   8  CB    CT      6    4    3      1.525    111.100     60.000 -0.07900     5
   9  HB2   H1      8    6    4      1.090    109.500    300.000  0.09100     6
  10  HB3   H1      8    6    4      1.090    109.500     60.000  0.09100     7
  11  SG    S       8    6    4      1.810    116.000    180.000 -0.10810     8
  12  C     C       6    4    3      1.522    111.100    180.000  0.59730     9
  13  O     O      12    6    4      1.229    120.500      0.000 -0.56790    10
DONE
MET 
   1  DUMM  DU      0   -1   -2      0.000      0.000      0.000  0.00000     0
   2  DUMM  DU      1    0   -1      1.449      0.000      0.000  0.00000     0
   3  DUMM  DU      2    1    0      1.522    111.100      0.000  0.00000     0
   4  N     N       3    2    1      1.335    116.600    180.000 -0.41570     1
   5  H     H       4    3    2      1.010    119.800      0.000  0.27190     2
   6  CA    CT      4    3    2      1.449    121.900    180.000 -0.02370     3
   7  HA    H1      6    4    3      1.090    109.500    300.000  0.08800     4
   8  CB    CT      6    4    3      1.525    111.100     60.000  0.03420     5
   9  HB2   HC      8    6    4      1.090    109.500    300.000  0.02410     6
  10  HB3   HC      8    6    4      1.090    109.500     60.000  0.02410     7
  11  CG    CT      8    6    4      1.525    109.470    180.000  0.00180     8
  12  HG2   H1     11    8    6      1.090    109.500    300.000  0.04400     9
  13  HG3   H1     11    8    6      1.090    109.500     60.000  0.04400    10
  14  SD    S      11    8    6      1.810    110.000    180.000 -0.27370    11
  15  CE    CT     14   11    8      1.780    100.000    180.000 -0.05360    12
  16  HE1   H1     15   14   11      1.090    109.500     60.000  0.06840    13
  17  HE2   H1     15   14   11      1.090    109.500    180.000  0.06840    14
  18  HE3   H1     15   14   11      1.090    109.500    300.000  0.06840    15
  19  C     C       6    4    3      1.522    111.100    180.000  0.59730    16
  20  O     O      19    6    4      1.229    120.500      0.000 -0.56790    17
DONE
ASH 
   1  DUMM  DU      0   -1   -2      0.000      0.000      0.000  0.00000     0
   2  DUMM  DU      1    0   -1      1.449      0.000      0.000  0.00000     0
   3  DUMM  DU      2    1    0      1.522    111.100      0.000  0.00000     0
   4  N     N       3    2    1      1.335    116.600    180.000 -0.41570     1
   5  H     H       4    3    2      1.010    119.800      0.000  0.27190     2
   6  CA    CT      4    3    2      1.449    121.900    180.000  0.03410     3
   7  HA    H1      6    4    3      1.090    109.500    300.000  0.08640     4
   8  CB    CT      6    4    3      1.525    111.100     60.000 -0.03160     5
   9  HB2   HC      8    6    4      1.090    109.500    300.000  0.04880     6
  10  HB3   HC      8    6    4      1.090    109.500     60.000  0.04880     7
  11  CG    C       8    6    4      1.527    109.470    180.000  0.64620     8
  12  OD1   O      11    8    6      1.260    117.200     90.000 -0.55540     9
  13  OD2   OH     11    8    6      1.260    117.200    270.000 -0.63760    10
  14  HD2   HO     13   11    8      0.960    109.500    180.000  0.47470    11
  15  C     C       6    4    3      1.522    111.100    180.000  0.59730    12
  16  O     O      15    6    4      1.229    120.500      0.000 -0.56790    13
DONE
GLH 
   1  DUMM  DU      0   -1   -2      0.000      0.000      0.000  0.00000     0
   2  DUMM  DU      1    0   -1      1.449      0.000      0.000  0.00000     0
   3  DUMM  DU      2    1    0      1.522    111.100      0.000  0.00000     0
   4  N     N       3    2    1      1.335    116.600    180.000 -0.41570     1
   5  H     H       4    3    2      1.010    119.800      0.000  0.27190     2
   6  CA    CT      4    3    2      1.449    121.900    180.000  0.01450     3
   7  HA    H1      6    4    3      1.090    109.500    300.000  0.07790     4
   8  CB    CT      6    4    3      1.525    111.100     60.000 -0.00710     5
   9  HB2   HC      8    6    4      1.090    109.500    300.000  0.02560     6
  10  HB3   HC      8    6    4      1.090    109.500     60.000  0.02560     7
  11  CG    CT      8    6    4      1.510    109.470    180.000 -0.01740     8
  12  HG2   HC     11    8    6      1.090    109.500    300.000  0.04300     9
  13  HG3   HC     11    8    6      1.090    109.500     60.000  0.04300    10
  14  CD    C      11    8    6      1.527    109.470    180.000  0.68010    11
  15  OE1   O      14   11    8      1.260    117.200     90.000 -0.58380    12
  16  OE2   OH     14   11    8      1.260    117.200    270.000 -0.65110    13
  17  HE2   HO     16   14   11      0.960    109.500    180.000  0.46410    14
  18  C     C       6    4    3      1.522    111.100    180.000  0.59730    15
  19  O     O      18    6    4      1.229    120.500      0.000 -0.56790    16
DONE
CIP 
   1  DUMM  DU      0   -1   -2      0.000      0.000      0.000  0.00000     0
   2  DUMM  DU      1    0   -1      1.000      0.000      0.000  0.00000     0
   3  DUMM  DU      2    1    0      1.000     90.000      0.000  0.00000     0
   4  NA+   IP      3    2    1      1.000     90.000    180.000  1.00000     1
DONE
CIM 
   1  DUMM  DU      0   -1   -2      0.000      0.000      0.000  0.00000     0
   2  DUMM  DU      1    0   -1      1.000      0.000      0.000  0.00000     0
   3  DUMM  DU      2    1    0      1.000     90.000      0.000  0.00000     0
   4  CL-   IM      3    2    1      1.000     90.000    180.000 -1.00000     1
DONE
