ALA 
   1  DUMM  DU      0   -1   -2      0.000      0.000      0.000  0.00000     0
   2  DUMM  DU      1    0   -1      0.000      0.000      0.000  0.00000     0
   3  DUMM  DU      2    1    0      0.000      0.000      0.000  0.00000     0
   4  N     NH1     3    2    1      1.335    116.600    180.000 -0.35000     1
   5  H     H       4    3    2      0.9996   119.800      0.000  0.25000     2
   6  CA    CT1     4    3    2      1.449    121.900    180.000  0.10000     3
   7  CB    CT3     6    4    3      1.525    111.100     60.000  0.00000     4
   8  C     C       6    4    3      1.522    111.100    180.000  0.55000     5
   9  O     O       8    6    4      1.229    120.500      0.000 -0.55000     6
DONE
GLY 
   1  DUMM  DU      0   -1   -2      0.000      0.000      0.000  0.00000     0
   2  DUMM  DU      1    0   -1      1.449      0.000      0.000  0.00000     0
   3  DUMM  DU      2    1    0      1.522    111.100      0.000  0.00000     0
   4  N     NH1     3    2    1      1.335    116.600    180.000 -0.35000     1
   5  H     H       4    3    2      1.010    119.800      0.000  0.25000     2
   6  CA    CT2     4    3    2      1.449    121.900    180.000  0.10000     3
   7  C     C       6    4    3      1.522    110.400    180.000  0.55000     4
   8  O     O       7    6    4      1.229    120.500      0.000 -0.55000     5
DONE
SER 
   1  DUMM  DU      0   -1   -2      0.000      0.000      0.000  0.00000     0
   2  DUMM  DU      1    0   -1      1.449      0.000      0.000  0.00000     0
   3  DUMM  DU      2    1    0      1.522    111.100      0.000  0.00000     0
   4  N     NH1     3    2    1      1.335    116.600    180.000 -0.35000     1
   5  H     H       4    3    2      1.010    119.800      0.000  0.25000     2
   6  CA    CT1     4    3    2      1.449    121.900    180.000  0.10000     3
   7  CB    CT2     6    4    3      1.525    111.100     60.000  0.25000     4
   8  OG    OH1     7    6    4      1.430    109.470    180.000 -0.65000     5
   9  HG    H       8    7    6      0.960    109.470    180.000  0.40000     6
  10  C     C       6    4    3      1.522    111.100    180.000  0.55000     7
  11  O     O      10    6    4      1.229    120.500      0.000 -0.55000     8
DONE
THR 
   1  DUMM  DU      0   -1   -2      0.000      0.000      0.000  0.00000     0
   2  DUMM  DU      1    0   -1      1.449      0.000      0.000  0.00000     0
   3  DUMM  DU      2    1    0      1.522    111.100      0.000  0.00000     0
   4  N     NH1     3    2    1      1.335    116.600    180.000 -0.35000     1
   5  H     H       4    3    2      1.010    119.800      0.000  0.25000     2
   6  CA    CT1     4    3    2      1.449    121.900    180.000  0.10000     3
   7  CB    CT1     6    4    3      1.525    111.100     60.000  0.25000     4
   8  CG2   CT3     7    6    4      1.525    109.470    300.000  0.00000     5
   9  OG1   OH1     7    6    4      1.430    109.470     60.000 -0.65000     6
  10  HG1   H       9    7    6      0.960    109.470    180.000  0.40000     7
  11  C     C       6    4    3      1.522    111.100    180.000  0.55000     8
  12  O     O      11    6    4      1.229    120.500      0.000 -0.55000     9
DONE
LEU 
   1  DUMM  DU      0   -1   -2      0.000      0.000      0.000  0.00000     0
   2  DUMM  DU      1    0   -1      1.449      0.000      0.000  0.00000     0
   3  DUMM  DU      2    1    0      1.522    111.100      0.000  0.00000     0
   4  N     NH1     3    2    1      1.335    116.600    180.000 -0.35000     1
   5  H     H       4    3    2      1.010    119.800      0.000  0.25000     2
   6  CA    CT1     4    3    2      1.449    121.900    180.000  0.10000     3
   7  CB    CT2     6    4    3      1.525    111.100     60.000  0.00000     4
   8  CG    CT1     7    6    4      1.525    109.470    180.000  0.00000     5
   9  CD1   CT3     8    7    6      1.525    109.470     60.000  0.00000     6
  10  CD2   CT3     8    7    6      1.525    109.470    180.000  0.00000     7
  11  C     C       6    4    3      1.522    111.100    180.000  0.55000     8
  12  O     O      11    6    4      1.229    120.500      0.000 -0.55000     9
DONE
ILE 
   1  DUMM  DU      0   -1   -2      0.000      0.000      0.000  0.00000     0
   2  DUMM  DU      1    0   -1      1.449      0.000      0.000  0.00000     0
   3  DUMM  DU      2    1    0      1.522    111.100      0.000  0.00000     0
   4  N     NH1     3    2    1      1.335    116.600    180.000 -0.35000     1
   5  H     H       4    3    2      1.010    119.800      0.000  0.25000     2
   6  CA    CT1     4    3    2      1.449    121.900    180.000  0.10000     3
   7  CB    CT1     6    4    3      1.525    109.470     60.000  0.00000     4
   8  CG2   CT3     7    6    4      1.525    109.470     60.000  0.00000     5
   9  CG1   CT2     7    6    4      1.525    109.470    180.000  0.00000     6
  10  CD1   CT3     9    7    6      1.525    109.470    180.000  0.00000     7
  11  C     C       6    4    3      1.522    111.100    180.000  0.55000     8
  12  O     O      11    6    4      1.229    120.500      0.000 -0.55000     9
DONE
VAL 
   1  DUMM  DU      0   -1   -2      0.000      0.000      0.000  0.00000     0
   2  DUMM  DU      1    0   -1      1.449      0.000      0.000  0.00000     0
   3  DUMM  DU      2    1    0      1.522    111.100      0.000  0.00000     0
   4  N     NH1     3    2    1      1.335    116.600    180.000 -0.35000     1
   5  H     H       4    3    2      1.010    119.800      0.000  0.25000     2
   6  CA    CT1     4    3    2      1.449    121.900    180.000  0.10000     3
   7  CB    CT1     6    4    3      1.525    111.100     60.000  0.00000     4
   8  CG1   CT3     7    6    4      1.525    109.470     60.000  0.00000     5
   9  CG2   CT3     7    6    4      1.525    109.470    180.000  0.00000     6
  10  C     C       6    4    3      1.522    111.100    180.000  0.55000     7
  11  O     O      10    6    4      1.229    120.500      0.000 -0.55000     8
DONE
ASN 
   1  DUMM  DU      0   -1   -2      0.000      0.000      0.000  0.00000     0
   2  DUMM  DU      1    0   -1      1.449      0.000      0.000  0.00000     0
   3  DUMM  DU      2    1    0      1.522    111.100      0.000  0.00000     0
   4  N     NH1     3    2    1      1.335    116.600    180.000 -0.35000     1
   5  H     H       4    3    2      1.010    119.800      0.000  0.25000     2
   6  CA    CT1     4    3    2      1.449    121.900    180.000  0.10000     3
   7  CB    CT2     6    4    3      1.525    111.100     60.000  0.00000     4
   8  CG    CC      7    6    4      1.522    111.100    180.000  0.55000     5
   9  OD1   O       8    7    6      1.229    120.500      0.000 -0.55000     6
  10  ND2   NH2     8    7    6      1.335    116.600    180.000 -0.60000     7
  11  HD21  H      10    8    7      1.010    119.800    180.000  0.30000     8
  12  HD22  H      10    8    7      1.010    119.800      0.000  0.30000     9
  13  C     C       6    4    3      1.522    111.100    180.000  0.55000    10
  14  O     O      13    6    4      1.229    120.500      0.000 -0.55000    11
DONE
GLN 
   1  DUMM  DU      0   -1   -2      0.000      0.000      0.000  0.00000     0
   2  DUMM  DU      1    0   -1      1.449      0.000      0.000  0.00000     0
   3  DUMM  DU      2    1    0      1.522    111.100      0.000  0.00000     0
   4  N     NH1     3    2    1      1.335    116.600    180.000 -0.35000     1
   5  H     H       4    3    2      1.010    119.800      0.000  0.25000     2
   6  CA    CT1     4    3    2      1.449    121.900    180.000  0.10000     3
   7  CB    CT2     6    4    3      1.525    111.100     60.000  0.00000     4
   8  CG    CT2     7    6    4      1.525    109.470    180.000  0.00000     5
   9  CD    CC      8    7    6      1.522    111.100    180.000  0.55000     6
  10  OE1   O       9    8    7      1.229    120.500      0.000 -0.55000     7
  11  NE2   NH2     9    8    7      1.335    116.600    180.000 -0.60000     8
  12  HE21  H      11    9    8      1.010    119.800    180.000  0.30000     9
  13  HE22  H      11    9    8      1.010    119.800      0.000  0.30000    10
  14  C     C       6    4    3      1.522    111.100    180.000  0.55000    11
  15  O     O      14    6    4      1.229    120.500      0.000 -0.55000    12
DONE
ARG 
   1  DUMM  DU      0   -1   -2      0.000      0.000      0.000  0.00000     0
   2  DUMM  DU      1    0   -1      1.449      0.000      0.000  0.00000     0
   3  DUMM  DU      2    1    0      1.522    111.100      0.000  0.00000     0
   4  N     NH1     3    2    1      1.335    116.600    180.000 -0.35000     1
   5  H     H       4    3    2      1.010    119.800      0.000  0.25000     2
   6  CA    CT1     4    3    2      1.449    121.900    180.000  0.10000     3
   7  CB    CT2     6    4    3      1.525    111.100     60.000  0.00000     4
   8  CG    CT2     7    6    4      1.525    109.470    180.000  0.00000     5
   9  CD    CT2     8    7    6      1.525    109.470    180.000  0.10000     6
  10  NE    NC2     9    8    7      1.480    111.000    180.000 -0.40000     7
  11  HE    HC     10    9    8      1.010    118.500      0.000  0.30000     8
  12  CZ    C      10    9    8      1.330    123.000    180.000  0.50000     9
  13  NH1   NC2    12   10    9      1.330    122.000      0.000 -0.45000    10
  14  HH11  HC     13   12   10      1.010    119.800      0.000  0.35000    11
  15  HH12  HC     13   12   10      1.010    119.800    180.000  0.35000    12
  16  NH2   NC2    12   10    9      1.330    118.000    180.000 -0.45000    13
  17  HH21  HC     16   12   10      1.010    119.800      0.000  0.35000    14
  18  HH22  HC     16   12   10      1.010    119.800    180.000  0.35000    15
  19  C     C       6    4    3      1.522    111.100    180.000  0.55000    16
  20  O     O      19    6    4      1.229    120.500      0.000 -0.55000    17
DONE
HIS
   1  DUMM  DU      0   -1   -2      0.000      0.000      0.000  0.00000     0
   2  DUMM  DU      1    0   -1      1.449      0.000      0.000  0.00000     0
   3  DUMM  DU      2    1    0      1.522    111.100      0.000  0.00000     0
   4  N     NH1     3    2    1      1.335    116.600    180.000 -0.35000     1
   5  H     H       4    3    2      1.010    119.800      0.000  0.25000     2
   6  CA    CT1     4    3    2      1.449    121.900    180.000  0.10000     3
   7  CB    CT2     6    4    3      1.525    111.100     60.000  0.00000     4
   8  CG    CPH1    7    6    4      1.510    115.000    180.000  0.40000     5
   9  ND1   NR1     8    7    6      1.390    122.000    180.000 -0.40000     6
  10  CE1   CPH2    9    8    7      1.320    108.000    180.000  0.30000     7
  11  NE2   NR2    10    9    8      1.310    109.000      0.000 -0.40000     8
  12  CD2   CPH1   11   10    8      1.360    110.000      0.000  0.10000     9
  13  C     C       6    4    3      1.522    111.100    180.000  0.55000    10
  14  O     O      13    6    4      1.229    120.500      0.000 -0.55000    11
DONE
TRP 
   1  DUMM  DU      0   -1   -2      0.000      0.000      0.000  0.00000     0
   2  DUMM  DU      1    0   -1      1.449      0.000      0.000  0.00000     0
   3  DUMM  DU      2    1    0      1.522    111.100      0.000  0.00000     0
   4  N     NH1     3    2    1      1.335    116.600    180.000 -0.35000     1
   5  H     H       4    3    2      1.010    119.800      0.000  0.25000     2
   6  CA    CT1     4    3    2      1.449    121.900    180.000  0.10000     3
   7  CB    CT2     6    4    3      1.525    111.100     60.000  0.00000     4
   8  CG    CY      7    6    4      1.510    115.000    180.000 -0.03000     5
   9  CD1   CA      8    7    6      1.340    127.000    180.000  0.06000     6
  10  NE1   NY      9    8    7      1.430    107.000    180.000 -0.36000     7
  11  HE1   H      10    9    8      1.010    125.500    180.000  0.30000     8
  12  CE2   CPT    10    9    8      1.310    109.000      0.000 -0.04000     9
  13  CZ2   CA     12   10    9      1.400    128.000    180.000  0.00000    10
  14  CH2   CA     13   12   10      1.390    116.000    180.000  0.00000    11
  15  CZ3   CA     14   13   12      1.350    121.000      0.000  0.00000    12
  16  CE3   CA     15   14   13      1.410    122.000      0.000 -0.03000    13
  17  CD2   CPT    16   15   14      1.400    117.000      0.000  0.10000    14
  18  C     C       6    4    3      1.522    111.100    180.000  0.55000    15
  19  O     O      18    6    4      1.229    120.500      0.000 -0.55000    16
DONE
PHE 
   1  DUMM  DU      0   -1   -2      0.000      0.000      0.000  0.00000     0
   2  DUMM  DU      1    0   -1      1.449      0.000      0.000  0.00000     0
   3  DUMM  DU      2    1    0      1.522    111.100      0.000  0.00000     0
   4  N     NH1     3    2    1      1.335    116.600    180.000 -0.35000     1
   5  H     H       4    3    2      1.010    119.800      0.000  0.25000     2
   6  CA    CT1     4    3    2      1.449    121.900    180.000  0.10000     3
   7  CB    CT2     6    4    3      1.525    111.100     60.000  0.00000     4
   8  CG    CA      7    6    4      1.510    115.000    180.000  0.00000     5
   9  CD1   CA      8    7    6      1.400    120.000    180.000  0.00000     6
  10  CE1   CA      9    8    7      1.400    120.000    180.000  0.00000     7
  11  CZ    CA     10    9    8      1.400    120.000      0.000  0.00000     8
  12  CE2   CA     11   10    9      1.400    120.000      0.000  0.00000     9
  13  CD2   CA     12   11   10      1.400    120.000      0.000  0.00000    10
  14  C     C       6    4    3      1.522    111.100    180.000  0.55000    11
  15  O     O      14    6    4      1.229    120.500      0.000 -0.55000    12
DONE
TYR 
   1  DUMM  DU      0   -1   -2      0.000      0.000      0.000  0.00000     0
   2  DUMM  DU      1    0   -1      1.449      0.000      0.000  0.00000     0
   3  DUMM  DU      2    1    0      1.522    111.100      0.000  0.00000     0
   4  N     NH1     3    2    1      1.335    116.600    180.000 -0.35000     1
   5  H     H       4    3    2      1.010    119.800      0.000  0.25000     2
   6  CA    CT1     4    3    2      1.449    121.900    180.000  0.10000     3
   7  CB    CT2     6    4    3      1.525    111.100     60.000  0.00000     4
   8  CG    CA      7    6    4      1.510    109.470    180.000  0.00000     5
   9  CD1   CA      8    7    6      1.400    120.000    180.000  0.00000     6
  10  CE1   CA      9    8    7      1.400    120.000    180.000  0.00000     7
  11  CZ    CA     10    9    8      1.400    120.000      0.000  0.25000     8
  12  OH    OH1    11   10    9      1.360    120.000    180.000 -0.65000     9
  13  HH    H      12   11   10      0.960    113.000      0.000  0.40000    10
  14  CE2   CA     11   10    9      1.400    120.000      0.000  0.00000    11
  15  CD2   CA     14   11   10      1.400    120.000      0.000  0.00000    12
  16  C     C       6    4    3      1.522    111.100    180.000  0.55000    13
  17  O     O      16    6    4      1.229    120.500      0.000 -0.55000    14
DONE
GLU 
   1  DUMM  DU      0   -1   -2      0.000      0.000      0.000  0.00000     0
   2  DUMM  DU      1    0   -1      1.449      0.000      0.000  0.00000     0
   3  DUMM  DU      2    1    0      1.522    111.100      0.000  0.00000     0
   4  N     NH1     3    2    1      1.335    116.600    180.000 -0.35000     1
   5  H     H       4    3    2      1.010    119.800      0.000  0.25000     2
   6  CA    CT1     4    3    2      1.449    121.900    180.000  0.10000     3
   7  CB    CT2     6    4    3      1.525    111.100     60.000  0.00000     4
   8  CG    CT2     7    6    4      1.510    109.470    180.000 -0.16000     5
   9  CD    CC      8    7    6      1.527    109.470    180.000  0.36000     6
  10  OE1   OC      9    8    7      1.260    117.200     90.000 -0.60000     7
  11  OE2   OC      9    8    7      1.260    117.200    270.000 -0.60000     8
  12  C     C       6    4    3      1.522    111.100    180.000  0.55000     9
  13  O     O      12    6    4      1.229    120.500      0.000 -0.55000    10
DONE
ASP 
   1  DUMM  DU      0   -1   -2      0.000      0.000      0.000  0.00000     0
   2  DUMM  DU      1    0   -1      1.449      0.000      0.000  0.00000     0
   3  DUMM  DU      2    1    0      1.522    111.100      0.000  0.00000     0
   4  N     NH1     3    2    1      1.335    116.600    180.000 -0.35000     1
   5  H     H       4    3    2      1.010    119.800      0.000  0.25000     2
   6  CA    CT1     4    3    2      1.449    121.900    180.000  0.10000     3
   7  CB    CT2     6    4    3      1.525    111.100     60.000 -0.16000     4
   8  CG    CC      7    6    4      1.527    109.470    180.000  0.36000     5
   9  OD1   OC      8    7    6      1.260    117.200     90.000 -0.60000     6
  10  OD2   OC      8    7    6      1.260    117.200    270.000 -0.60000     7
  11  C     C       6    4    3      1.522    111.100    180.000  0.55000     8
  12  O     O      11    6    4      1.229    120.500      0.000 -0.55000     9
DONE
LYS 
   1  DUMM  DU      0   -1   -2      0.000      0.000      0.000  0.00000     0
   2  DUMM  DU      1    0   -1      1.449      0.000      0.000  0.00000     0
   3  DUMM  DU      2    1    0      1.522    111.100      0.000  0.00000     0
   4  N     NH1     3    2    1      1.335    116.600    180.000 -0.35000     1
   5  H     H       4    3    2      1.010    119.800      0.000  0.25000     2
   6  CA    CT1     4    3    2      1.449    121.900    180.000  0.10000     3
   7  CB    CT2     6    4    3      1.525    111.100     60.000  0.00000     4
   8  CG    CT2     7    6    4      1.525    109.470    180.000  0.00000     5
   9  CD    CT2     8    7    6      1.525    109.470    180.000  0.00000     6
  10  CE    CT2     9    8    7      1.525    109.470    180.000  0.25000     7
  11  NZ    NH3    10    9    8      1.470    109.470    180.000 -0.30000     8
  12  HZ1   HC     11   10    9      1.010    109.470     60.000  0.35000     9
  13  HZ2   HC     11   10    9      1.010    109.470    180.000  0.35000    10
  14  HZ3   HC     11   10    9      1.010    109.470    300.000  0.35000    11
  15  C     C       6    4    3      1.522    111.100    180.000  0.55000    12
  16  O     O      15    6    4      1.229    120.500      0.000 -0.55000    13
DONE
PRO 
   1  DUMM  DU      0   -1   -2      0.000      0.000      0.000  0.00000     0
   2  DUMM  DU      1    0   -1      1.449      0.000      0.000  0.00000     0
   3  DUMM  DU      2    1    0      1.522    111.100      0.000  0.00000     0
   4  N     N       3    2    1      1.337    117.000    180.000 -0.20000     1
   5  CA    CP1     4    3    2      1.451    120.600    175.200  0.10000     2
   6  CB    CP2     5    4    3      1.510    108.900    172.630  0.00000     3
   7  CG    CP2     6    5    4      1.500     99.260    318.500  0.00000     4
   8  CD    CP3     7    6    5      1.500    106.050     39.200  0.10000     5
   9  C     C       5    4    3      1.522    109.500    315.000  0.55000     6
  10  O     O       9    5    4      1.229    120.500      0.000 -0.55000     7
DONE
CPR 
   1  DUMM  DU      0   -1   -2      0.000      0.000      0.000  0.00000     0
   2  DUMM  DU      1    0   -1      1.449      0.000      0.000  0.00000     0
   3  DUMM  DU      2    1    0      1.522    111.100      0.000  0.00000     0
   4  N     N       3    2    1      1.337    117.000    180.000 -0.20000     1
   5  CA    CP      4    3    2      1.451    120.600    175.200  0.10000     2
   6  CB    CP2     5    4    3      1.510    108.900    172.630  0.00000     3
   7  CG    CP2     6    5    4      1.500     99.260    318.500  0.00000     4
   8  CD    CP3     7    6    5      1.500    106.050     39.200  0.10000     5
   9  C     C       5    4    3      1.522    109.500    315.000  0.55000     6
  10  O     O       9    5    4      1.229    120.500      0.000 -0.55000     7
DONE
CYS 
   1  DUMM  DU      0   -1   -2      0.000      0.000      0.000  0.00000     0
   2  DUMM  DU      1    0   -1      1.449      0.000      0.000  0.00000     0
   3  DUMM  DU      2    1    0      1.522    111.100      0.000  0.00000     0
   4  N     NH1     3    2    1      1.335    116.600    180.000 -0.35000     1
   5  H     H       4    3    2      1.010    119.800      0.000  0.25000     2
   6  CA    CT1     4    3    2      1.449    121.900    180.000  0.10000     3
   7  CB    CT2     6    4    3      1.525    111.100     60.000  0.19000     4
   8  SG    S       7    6    4      1.810    116.000    180.000 -0.19000     5
   9  C     C       6    4    3      1.522    111.100    180.000  0.55000     6
  10  O     O       9    6    4      1.229    120.500      0.000 -0.55000     7
DONE
CYX 
   1  DUMM  DU      0   -1   -2      0.000      0.000      0.000  0.00000     0
   2  DUMM  DU      1    0   -1      1.449      0.000      0.000  0.00000     0
   3  DUMM  DU      2    1    0      1.522    111.100      0.000  0.00000     0
   4  N     NH1     3    2    1      1.335    116.600    180.000 -0.35000     1
   5  H     H       4    3    2      1.010    119.800      0.000  0.25000     2
   6  CA    CT1     4    3    2      1.449    121.900    180.000  0.10000     3
   7  CB    CT2     6    4    3      1.525    111.100     60.000  0.19000     4
   8  SG    S       7    6    4      1.810    116.000    180.000 -0.19000     5
   9  C     C       6    4    3      1.522    111.100    180.000  0.55000     6
  10  O     O       9    6    4      1.229    120.500      0.000 -0.55000     7
DONE
MET 
   1  DUMM  DU      0   -1   -2      0.000      0.000      0.000  0.00000     0
   2  DUMM  DU      1    0   -1      1.449      0.000      0.000  0.00000     0
   3  DUMM  DU      2    1    0      1.522    111.100      0.000  0.00000     0
   4  N     NH1     3    2    1      1.335    116.600    180.000 -0.35000     1
   5  H     H       4    3    2      1.010    119.800      0.000  0.25000     2
   6  CA    CT1     4    3    2      1.449    121.900    180.000  0.10000     3
   7  CB    CT2     6    4    3      1.525    111.100     60.000  0.00000     4
   8  CG    CT2     7    6    4      1.525    109.470    180.000  0.06000     5
   9  SD    S       8    7    6      1.810    110.000    180.000 -0.12000     6
  10  CE    CT3     9    8    7      1.780    100.000    180.000  0.06000     7
  11  C     C       6    4    3      1.522    111.100    180.000  0.55000     8
  12  O     O      11    6    4      1.229    120.500      0.000 -0.55000     9
DONE
PTR 
   1  DUMM  DU      0   -1   -2      0.000      0.000      0.000  0.00000     0
   2  DUMM  DU      1    0   -1      1.449      0.000      0.000  0.00000     0
   3  DUMM  DU      2    1    0      1.522    111.100      0.000  0.00000     0
   4  N     NH1     3    2    1      1.335    116.600    180.000 -0.35000     1
   5  H     H       4    3    2      1.010    119.800      0.000  0.25000     2
   6  CA    CT1     4    3    2      1.449    121.900    180.000  0.10000     3
   7  CB    CT2     6    4    3      1.525    111.100     60.000  0.00000     4
   8  CG    CA      7    6    4      1.510    109.470    180.000  0.00000     5
   9  CD1   CA      8    7    6      1.400    120.000    180.000  0.00000     6
  10  CE1   CA      9    8    7      1.400    120.000    180.000  0.00000     7
  11  CZ    CA     10    9    8      1.400    120.000      0.000 -0.28000     8
  12  OH    ON2B   11   10    9      1.360    120.000    180.000 -0.28000     9
  13  P     P      12   11   10      1.550    120.000      0.000  1.44000    10
  14  O1P   ON3    13   12   11      1.500    109.470      0.000 -0.96000    11
  15  O2P   ON3    13   12   11      1.500    109.470    120.000 -0.96000    12
  16  O3P   ON3    13   12   11      1.500    109.470   -120.000 -0.96000    13
  17  CE2   CA     11   10    9      1.400    120.000      0.000  0.00000    14
  18  CD2   CA     17   11   10      1.400    120.000      0.000  0.00000    15
  19  C     C       6    4    3      1.522    111.100    180.000  0.55000    16
  20  O     O      19    6    4      1.229    120.500      0.000 -0.55000    17
DONE
SEP 
   1  DUMM  DU      0   -1   -2      0.000      0.000      0.000  0.00000     0
   2  DUMM  DU      1    0   -1      1.449      0.000      0.000  0.00000     0
   3  DUMM  DU      2    1    0      1.522    111.100      0.000  0.00000     0
   4  N     NH1     3    2    1      1.335    116.600    180.000 -0.35000     1
   5  H     H       4    3    2      1.010    119.800      0.000  0.25000     2
   6  CA    CT1     4    3    2      1.449    121.900    180.000  0.10000     3
   7  CB    CT2     6    4    3      1.525    111.100     60.000  0.00000     4
   8  OG    ON2B    7    6    4      1.360    120.000    180.000 -0.40000     5
   9  P     P       8    7    6      1.550    120.000      0.000  1.10000     6
  10  O1P   ON3     9    8    7      1.500    109.470      0.000 -0.90000     7
  11  O2P   ON3     9    8    7      1.500    109.470    120.000 -0.90000     8
  12  O3P   ON3     9    8    7      1.500    109.470   -120.000 -0.90000     9
  13  C     C       6    4    3      1.522    111.100    180.000  0.55000    10
  14  O     O      13    6    4      1.229    120.500      0.000 -0.55000    11
DONE
TPO 
   1  DUMM  DU      0   -1   -2      0.000      0.000      0.000  0.00000     0
   2  DUMM  DU      1    0   -1      1.449      0.000      0.000  0.00000     0
   3  DUMM  DU      2    1    0      1.522    111.100      0.000  0.00000     0
   4  N     NH1     3    2    1      1.335    116.600    180.000 -0.35000     1
   5  H     H       4    3    2      1.010    119.800      0.000  0.25000     2
   6  CA    CT1     4    3    2      1.449    121.900    180.000  0.10000     3
   7  CB    CT1     6    4    3      1.525    111.100     60.000  0.00000     4
   8  CG2   CT3     7    6    4      1.525    109.470    300.000  0.00000     5
   9  OG1   ON2B    7    6    4      1.360    120.000    180.000  0.40000     6
  10  P     P       9    7    6      1.550    120.000      0.000  1.10000     7
  11  O1P   ON3    10    9    7      1.500    109.470      0.000 -0.90000     8
  12  O2P   ON3    10    9    7      1.500    109.470    120.000 -0.90000     9
  13  O3P   ON3    10    9    7      1.500    109.470   -120.000 -0.90000    10
  14  C     C       6    4    3      1.522    111.100    180.000  0.55000    11
  15  O     O      14    6    4      1.229    120.500      0.000 -0.55000    12
DONE
