NALA
   1  DUMM  DU      0   -1   -2      0.000      0.000      0.000  0.00000     0
   2  DUMM  DU      1    0   -1      1.449      0.000      0.000  0.00000     0
   3  DUMM  DU      2    1    0      1.522    111.100      0.000  0.00000     0
   4  N     NH3     3    2    1      1.335    116.600    180.000 -0.30000     1
   5  H1    HC      4    3    2      1.010    130.000      0.000  0.35000     2
   6  H2    HC      4    3    2      1.010     60.000     90.000  0.35000     3
   7  H3    HC      4    3    2      1.010     60.000    -90.000  0.35000     4
   8  CA    CT1     4    3    2      1.449    121.900    180.000  0.25000     5
   9  CB    CT3     8    4    3      1.525    111.100     60.000  0.00000     6
  10  C     C       8    4    3      1.522    111.100    180.000  0.55000     7
  11  O     O      10    8    4      1.229    120.500      0.000 -0.55000     8
DONE
NGLY
   1  DUMM  DU      0   -1   -2      0.000      0.000      0.000  0.00000     0
   2  DUMM  DU      1    0   -1      1.449      0.000      0.000  0.00000     0
   3  DUMM  DU      2    1    0      1.522    111.100      0.000  0.00000     0
   4  N     NH3     3    2    1      1.335    116.600    180.000 -0.30000     1
   5  H1    HC      4    3    2      1.010    130.000      0.000  0.35000     2
   6  H2    HC      4    3    2      1.010     60.000     90.000  0.35000     3
   7  H3    HC      4    3    2      1.010     60.000    -90.000  0.35000     4
   8  CA    CT2     4    3    2      1.449    121.900    180.000  0.25000     5
   9  C     C       8    4    3      1.522    110.400    180.000  0.55000     6
  10  O     O       9    8    4      1.229    120.500      0.000 -0.55000     7
DONE
NSER
   1  DUMM  DU      0   -1   -2      0.000      0.000      0.000  0.00000     0
   2  DUMM  DU      1    0   -1      1.449      0.000      0.000  0.00000     0
   3  DUMM  DU      2    1    0      1.522    111.100      0.000  0.00000     0
   4  N     NH3     3    2    1      1.335    116.600    180.000 -0.30000     1
   5  H1    HC      4    3    2      1.010    130.000      0.000  0.35000     2
   6  H2    HC      4    3    2      1.010     60.000     90.000  0.35000     3
   7  H3    HC      4    3    2      1.010     60.000    -90.000  0.35000     4
   8  CA    CT1     4    3    2      1.449    121.900    180.000  0.25000     5
   9  CB    CT2     8    4    3      1.525    111.100     60.000  0.25000     6
  10  OG    OH1     9    8    4      1.430    109.470    180.000 -0.65000     7
  11  HG    H      10    9    8      0.960    109.470    180.000  0.40000     8
  12  C     C       8    4    3      1.522    111.100    180.000  0.55000     9
  13  O     O      12    8    4      1.229    120.500      0.000 -0.55000    10
DONE
NTHR
   1  DUMM  DU      0   -1   -2      0.000      0.000      0.000  0.00000     0
   2  DUMM  DU      1    0   -1      1.449      0.000      0.000  0.00000     0
   3  DUMM  DU      2    1    0      1.522    111.100      0.000  0.00000     0
   4  N     NH3     3    2    1      1.335    116.600    180.000 -0.30000     1
   5  H1    HC      4    3    2      1.010    130.000      0.000  0.35000     2
   6  H2    HC      4    3    2      1.010     60.000     90.000  0.35000     3
   7  H3    HC      4    3    2      1.010     60.000    -90.000  0.35000     4
   8  CA    CT1     4    3    2      1.449    121.900    180.000  0.25000     5
   9  CB    CT1     8    4    3      1.525    111.100     60.000  0.25000     6
  10  CG2   CT3     9    8    4      1.525    109.470    300.000  0.00000     7
  11  OG1   OH1     9    8    4      1.430    109.470     60.000 -0.65000     8
  12  HG1   H      11    9    8      0.960    109.470    180.000  0.40000     9
  13  C     C       8    4    3      1.522    111.100    180.000  0.55000    10
  14  O     O      13    8    4      1.229    120.500      0.000 -0.55000    11
DONE
NLEU
   1  DUMM  DU      0   -1   -2      0.000      0.000      0.000  0.00000     0
   2  DUMM  DU      1    0   -1      1.449      0.000      0.000  0.00000     0
   3  DUMM  DU      2    1    0      1.522    111.100      0.000  0.00000     0
   4  N     NH3     3    2    1      1.335    116.600    180.000 -0.30000     1
   5  H1    HC      4    3    2      1.010    130.000      0.000  0.35000     2
   6  H2    HC      4    3    2      1.010     60.000     90.000  0.35000     3
   7  H3    HC      4    3    2      1.010     60.000    -90.000  0.35000     4
   8  CA    CT1     4    3    2      1.449    121.900    180.000  0.25000     5
   9  CB    CT2     8    4    3      1.525    111.100     60.000  0.00000     6
  10  CG    CT1     9    8    4      1.525    109.470    180.000  0.00000     7
  11  CD1   CT3    10    9    8      1.525    109.470     60.000  0.00000     8
  12  CD2   CT3    10    9    8      1.525    109.470    180.000  0.00000     9
  13  C     C       8    4    3      1.522    111.100    180.000  0.55000    10
  14  O     O      13    8    4      1.229    120.500      0.000 -0.55000    11
DONE
NILE
   1  DUMM  DU      0   -1   -2      0.000      0.000      0.000  0.00000     0
   2  DUMM  DU      1    0   -1      1.449      0.000      0.000  0.00000     0
   3  DUMM  DU      2    1    0      1.522    111.100      0.000  0.00000     0
   4  N     NH3     3    2    1      1.335    116.600    180.000 -0.30000     1
   5  H1    HC      4    3    2      1.010    130.000      0.000  0.35000     2
   6  H2    HC      4    3    2      1.010     60.000     90.000  0.35000     3
   7  H3    HC      4    3    2      1.010     60.000    -90.000  0.35000     4
   8  CA    CT1     4    3    2      1.449    121.900    180.000  0.25000     5
   9  CB    CT1     8    4    3      1.525    109.470     60.000  0.00000     6
  10  CG2   CT3     9    8    4      1.525    109.470     60.000  0.00000     7
  11  CG1   CT2     9    8    4      1.525    109.470    180.000  0.00000     8
  12  CD1   CT3    11    9    8      1.525    109.470    180.000  0.00000     9
  13  C     C       8    4    3      1.522    111.100    180.000  0.55000    10
  14  O     O      13    8    4      1.229    120.500      0.000 -0.55000    11
DONE
NVAL
   1  DUMM  DU      0   -1   -2      0.000      0.000      0.000  0.00000     0
   2  DUMM  DU      1    0   -1      1.449      0.000      0.000  0.00000     0
   3  DUMM  DU      2    1    0      1.522    111.100      0.000  0.00000     0
   4  N     NH3     3    2    1      1.335    116.600    180.000 -0.30000     1
   5  H1    HC      4    3    2      1.010    130.000      0.000  0.35000     2
   6  H2    HC      4    3    2      1.010     60.000     90.000  0.35000     3
   7  H3    HC      4    3    2      1.010     60.000    -90.000  0.35000     4
   8  CA    CT1     4    3    2      1.449    121.900    180.000  0.25000     5
   9  CB    CT1     8    4    3      1.525    111.100     60.000  0.00000     6
  10  CG1   CT3     9    8    4      1.525    109.470     60.000  0.00000     7
  11  CG2   CT3     9    8    4      1.525    109.470    180.000  0.00000     8
  12  C     C       8    4    3      1.522    111.100    180.000  0.55000     9
  13  O     O      12    8    4      1.229    120.500      0.000 -0.55000    10
DONE
NASN
   1  DUMM  DU      0   -1   -2      0.000      0.000      0.000  0.00000     0
   2  DUMM  DU      1    0   -1      1.449      0.000      0.000  0.00000     0
   3  DUMM  DU      2    1    0      1.522    111.100      0.000  0.00000     0
   4  N     NH3     3    2    1      1.335    116.600    180.000 -0.30000     1
   5  H1    HC      4    3    2      1.010    130.000      0.000  0.35000     2
   6  H2    HC      4    3    2      1.010     60.000     90.000  0.35000     3
   7  H3    HC      4    3    2      1.010     60.000    -90.000  0.35000     4
   8  CA    CT1     4    3    2      1.449    121.900    180.000  0.25000     5
   9  CB    CT2     8    4    3      1.525    111.100     60.000  0.00000     6
  10  CG    CC      9    8    4      1.522    111.100    180.000  0.55000     7
  11  OD1   O      10    9    8      1.229    120.500      0.000 -0.55000     8
  12  ND2   NH2    10    9    8      1.335    116.600    180.000 -0.60000     9
  13  HD21  H      12   10    9      1.010    119.800    180.000  0.30000    10
  14  HD22  H      12   10    9      1.010    119.800      0.000  0.30000    11
  15  C     C       8    4    3      1.522    111.100    180.000  0.55000    12
  16  O     O      15    8    4      1.229    120.500      0.000 -0.55000    13
DONE
NGLN
   1  DUMM  DU      0   -1   -2      0.000      0.000      0.000  0.00000     0
   2  DUMM  DU      1    0   -1      1.449      0.000      0.000  0.00000     0
   3  DUMM  DU      2    1    0      1.522    111.100      0.000  0.00000     0
   4  N     NH3     3    2    1      1.335    116.600    180.000 -0.30000     1
   5  H1    HC      4    3    2      1.010    130.000      0.000  0.35000     2
   6  H2    HC      4    3    2      1.010     60.000     90.000  0.35000     3
   7  H3    HC      4    3    2      1.010     60.000    -90.000  0.35000     4
   8  CA    CT1     4    3    2      1.449    121.900    180.000  0.25000     5
   9  CB    CT2     8    4    3      1.525    111.100     60.000  0.00000     6
  10  CG    CT2     9    8    4      1.525    109.470    180.000  0.00000     7
  11  CD    CC     10    9    8      1.522    111.100    180.000  0.55000     8
  12  OE1   O      11   10    9      1.229    120.500      0.000 -0.55000     9
  13  NE2   NH2    11   10    9      1.335    116.600    180.000 -0.60000    10
  14  HE21  H      13   11   10      1.010    119.800    180.000  0.30000    11
  15  HE22  H      13   11   10      1.010    119.800      0.000  0.30000    12
  16  C     C       8    4    3      1.522    111.100    180.000  0.55000    13
  17  O     O      16    8    4      1.229    120.500      0.000 -0.55000    14
DONE
NARG
   1  DUMM  DU      0   -1   -2      0.000      0.000      0.000  0.00000     0
   2  DUMM  DU      1    0   -1      1.449      0.000      0.000  0.00000     0
   3  DUMM  DU      2    1    0      1.522    111.100      0.000  0.00000     0
   4  N     NH3     3    2    1      1.335    116.600    180.000 -0.30000     1
   5  H1    HC      4    3    2      1.010    130.000      0.000  0.35000     2
   6  H2    HC      4    3    2      1.010     60.000     90.000  0.35000     3
   7  H3    HC      4    3    2      1.010     60.000    -90.000  0.35000     4
   8  CA    CT1     4    3    2      1.449    121.900    180.000  0.25000     5
   9  CB    CT2     8    4    3      1.525    111.100     60.000  0.00000     6
  10  CG    CT2     9    8    4      1.525    109.470    180.000  0.00000     7
  11  CD    CT2    10    9    8      1.525    109.470    180.000  0.10000     8
  12  NE    NC2    11   10    9      1.480    111.000    180.000 -0.40000     9
  13  HE    HC     12   11   10      1.010    118.500      0.000  0.30000    10
  14  CZ    C      12   11   10      1.330    123.000    180.000  0.50000    11
  15  NH1   NC2    14   12   11      1.330    122.000      0.000 -0.45000    12
  16  HH11  HC     15   14   12      1.010    119.800      0.000  0.35000    13
  17  HH12  HC     15   14   12      1.010    119.800    180.000  0.35000    14
  18  NH2   NC2    14   12   11      1.330    118.000    180.000 -0.45000    15
  19  HH21  HC     18   14   12      1.010    119.800      0.000  0.35000    16
  20  HH22  HC     18   14   12      1.010    119.800    180.000  0.35000    17
  21  C     C       8    4    3      1.522    111.100    180.000  0.55000    18
  22  O     O      21    8    4      1.229    120.500      0.000 -0.55000    19
DONE
NHIS 
   1  DUMM  DU      0   -1   -2      0.000      0.000      0.000  0.00000     0
   2  DUMM  DU      1    0   -1      1.449      0.000      0.000  0.00000     0
   3  DUMM  DU      2    1    0      1.522    111.100      0.000  0.00000     0
   4  N     NH3     3    2    1      1.335    116.600    180.000 -0.30000     1
   5  H1    HC      4    3    2      1.010    130.000      0.000  0.35000     2
   6  H2    HC      4    3    2      1.010     60.000     90.000  0.35000     3
   7  H3    HC      4    3    2      1.010     60.000    -90.000  0.35000     4
   8  CA    CT1     4    3    2      1.449    121.900    180.000  0.25000     5
   9  CB    CT2     8    4    3      1.525    111.100     60.000  0.00000     6
  10  CG    CPH1    9    8    4      1.510    115.000    180.000  0.40000     7
  11  ND1   NR1    10    9    8      1.390    122.000    180.000 -0.40000     8
  12  CE1   CPH2   11   10    9      1.320    108.000    180.000  0.30000     9
  13  NE2   NR2    12   11   10      1.310    109.000      0.000 -0.40000    10
  14  CD2   CPH1   13   12   10      1.360    110.000      0.000  0.10000    11
  15  C     C       8    4    3      1.522    111.100    180.000  0.55000    12
  16  O     O      15    8    4      1.229    120.500      0.000 -0.55000    13
DONE
NTRP
   1  DUMM  DU      0   -1   -2      0.000      0.000      0.000  0.00000     0
   2  DUMM  DU      1    0   -1      1.449      0.000      0.000  0.00000     0
   3  DUMM  DU      2    1    0      1.522    111.100      0.000  0.00000     0
   4  N     NH3     3    2    1      1.335    116.600    180.000 -0.30000     1
   5  H1    HC      4    3    2      1.010    130.000      0.000  0.35000     2
   6  H2    HC      4    3    2      1.010     60.000     90.000  0.35000     3
   7  H3    HC      4    3    2      1.010     60.000    -90.000  0.35000     4
   8  CA    CT1     4    3    2      1.449    121.900    180.000  0.25000     5
   9  CB    CT2     8    4    3      1.525    111.100     60.000  0.00000     6
  10  CG    CY      9    8    4      1.510    115.000    180.000 -0.03000     7
  11  CD1   CA     10    9    8      1.340    127.000    180.000  0.06000     8
  12  NE1   NY     11   10    9      1.430    107.000    180.000 -0.36000     9
  13  HE1   H      12   11   10      1.010    125.500    180.000  0.30000    10
  14  CE2   CPT    12   11   10      1.310    109.000      0.000 -0.04000    11
  15  CZ2   CA     14   12   11      1.400    128.000    180.000  0.00000    12
  16  CH2   CA     15   14   12      1.390    116.000    180.000  0.00000    13
  17  CZ3   CA     16   15   14      1.350    121.000      0.000  0.00000    14
  18  CE3   CA     17   16   15      1.410    122.000      0.000 -0.03000    15
  19  CD2   CPT    18   17   16      1.400    117.000      0.000  0.10000    16
  20  C     C       8    4    3      1.522    111.100    180.000  0.55000    17
  21  O     O      20    8    4      1.229    120.500      0.000 -0.55000    18
DONE
NPHE
   1  DUMM  DU      0   -1   -2      0.000      0.000      0.000  0.00000     0
   2  DUMM  DU      1    0   -1      1.449      0.000      0.000  0.00000     0
   3  DUMM  DU      2    1    0      1.522    111.100      0.000  0.00000     0
   4  N     NH3     3    2    1      1.335    116.600    180.000 -0.30000     1
   5  H1    HC      4    3    2      1.010    130.000      0.000  0.35000     2
   6  H2    HC      4    3    2      1.010     60.000     90.000  0.35000     3
   7  H3    HC      4    3    2      1.010     60.000    -90.000  0.35000     4
   8  CA    CT1     4    3    2      1.449    121.900    180.000  0.25000     5
   9  CB    CT2     8    4    3      1.525    111.100     60.000  0.00000     6
  10  CG    CA      9    8    4      1.510    115.000    180.000  0.00000     7
  11  CD1   CA     10    9    8      1.400    120.000    180.000  0.00000     8
  12  CE1   CA     11   10    9      1.400    120.000    180.000  0.00000     9
  13  CZ    CA     12   11   10      1.400    120.000      0.000  0.00000    10
  14  CE2   CA     13   12   11      1.400    120.000      0.000  0.00000    11
  15  CD2   CA     14   13   12      1.400    120.000      0.000  0.00000    12
  16  C     C       8    4    3      1.522    111.100    180.000  0.55000    13
  17  O     O      16    8    4      1.229    120.500      0.000 -0.50000    14
DONE
NTYR
   1  DUMM  DU      0   -1   -2      0.000      0.000      0.000  0.00000     0
   2  DUMM  DU      1    0   -1      1.449      0.000      0.000  0.00000     0
   3  DUMM  DU      2    1    0      1.522    111.100      0.000  0.00000     0
   4  N     NH3     3    2    1      1.335    116.600    180.000 -0.30000     1
   5  H1    HC      4    3    2      1.010    130.000      0.000  0.35000     2
   6  H2    HC      4    3    2      1.010     60.000     90.000  0.35000     3
   7  H3    HC      4    3    2      1.010     60.000    -90.000  0.35000     4
   8  CA    CT1     4    3    2      1.449    121.900    180.000  0.25000     5
   9  CB    CT2     8    4    3      1.525    111.100     60.000  0.00000     6
  10  CG    CA      9    8    4      1.510    109.470    180.000  0.00000     7
  11  CD1   CA     10    9    8      1.400    120.000    180.000  0.00000     8
  12  CE1   CA     11   10    9      1.400    120.000    180.000  0.00000     9
  13  CZ    CA     12   11   10      1.400    120.000      0.000  0.25000    10
  14  OH    OH1    13   12   11      1.360    120.000    180.000 -0.65000    11
  15  HH    H      14   13   12      0.960    113.000      0.000  0.40000    12
  16  CE2   CA     13   12   11      1.400    120.000      0.000  0.00000    13
  17  CD2   CA     16   13   12      1.400    120.000      0.000  0.00000    14
  18  C     C       8    4    3      1.522    111.100    180.000  0.55000    15
  19  O     O      18    8    4      1.229    120.500      0.000 -0.55000    16
DONE
NGLU
   1  DUMM  DU      0   -1   -2      0.000      0.000      0.000  0.00000     0
   2  DUMM  DU      1    0   -1      1.449      0.000      0.000  0.00000     0
   3  DUMM  DU      2    1    0      1.522    111.100      0.000  0.00000     0
   4  N     NH3     3    2    1      1.335    116.600    180.000 -0.30000     1
   5  H1    HC      4    3    2      1.010    130.000      0.000  0.35000     2
   6  H2    HC      4    3    2      1.010     60.000     90.000  0.35000     3
   7  H3    HC      4    3    2      1.010     60.000    -90.000  0.35000     4
   8  CA    CT1     4    3    2      1.449    121.900    180.000  0.25000     5
   9  CB    CT2     8    4    3      1.525    111.100     60.000  0.00000     6
  10  CG    CT2     9    8    4      1.510    109.470    180.000 -0.16000     7
  11  CD    CC     10    9    8      1.527    109.470    180.000  0.36000     8
  12  OE1   OC     11   10    9      1.260    117.200     90.000 -0.60000     9
  13  OE2   OC     11   10    9      1.260    117.200    270.000 -0.60000    10
  14  C     C       8    4    3      1.522    111.100    180.000  0.55000    11
  15  O     O      14    8    4      1.229    120.500      0.000 -0.55000    12
DONE
NASP
   1  DUMM  DU      0   -1   -2      0.000      0.000      0.000  0.00000     0
   2  DUMM  DU      1    0   -1      1.449      0.000      0.000  0.00000     0
   3  DUMM  DU      2    1    0      1.522    111.100      0.000  0.00000     0
   4  N     NH3     3    2    1      1.335    116.600    180.000 -0.30000     1
   5  H1    HC      4    3    2      1.010    130.000      0.000  0.35000     2
   6  H2    HC      4    3    2      1.010     60.000     90.000  0.35000     3
   7  H3    HC      4    3    2      1.010     60.000    -90.000  0.35000     4
   8  CA    CT1     4    3    2      1.449    121.900    180.000  0.25000     5
   9  CB    CT2     8    4    3      1.525    111.100     60.000 -0.16000     6
  10  CG    CC      9    8    4      1.527    109.470    180.000  0.36000     7
  11  OD1   OC     10    9    8      1.260    117.200     90.000 -0.60000     8
  12  OD2   OC     10    9    8      1.260    117.200    270.000 -0.60000     9
  13  C     C       8    4    3      1.522    111.100    180.000  0.55000    10
  14  O     O      13    8    4      1.229    120.500      0.000 -0.55000    11
DONE
NLYS
   1  DUMM  DU      0   -1   -2      0.000      0.000      0.000  0.00000     0
   2  DUMM  DU      1    0   -1      1.449      0.000      0.000  0.00000     0
   3  DUMM  DU      2    1    0      1.522    111.100      0.000  0.00000     0
   4  N     NH3     3    2    1      1.335    116.600    180.000 -0.30000     1
   5  H1    HC      4    3    2      1.010    130.000      0.000  0.35000     2
   6  H2    HC      4    3    2      1.010     60.000     90.000  0.35000     3
   7  H3    HC      4    3    2      1.010     60.000    -90.000  0.35000     4
   8  CA    CT1     4    3    2      1.449    121.900    180.000  0.25000     5
   9  CB    CT2     8    4    3      1.525    111.100     60.000  0.00000     6
  10  CG    CT2     9    8    4      1.525    109.470    180.000  0.00000     7
  11  CD    CT2    10    9    8      1.525    109.470    180.000  0.00000     8
  12  CE    CT2    11   10    9      1.525    109.470    180.000  0.25000     9
  13  NZ    NH3    12   11   10      1.470    109.470    180.000 -0.30000    10
  14  HZ1   HC     13   12   11      1.010    109.470     60.000  0.35000    11
  15  HZ2   HC     13   12   11      1.010    109.470    180.000  0.35000    12
  16  HZ3   HC     13   12   11      1.010    109.470    300.000  0.35000    13
  17  C     C       8    4    3      1.522    111.100    180.000  0.55000    14
  18  O     O      17    8    4      1.229    120.500      0.000 -0.55000    15
DONE
NPRO
   1  DUMM  DU      0   -1   -2      0.000      0.000      0.000  0.00000     0
   2  DUMM  DU      1    0   -1      1.449      0.000      0.000  0.00000     0
   3  DUMM  DU      2    1    0      1.522    111.100      0.000  0.00000     0
   4  N     NP      3    2    1      1.337    117.000    180.000 -0.20000     1
   5  H2    HC      4    3    2      1.010     60.000     90.000  0.35000     2
   6  H3    HC      4    3    2      1.010     60.000    -90.000  0.35000     3
   7  CA    CP1     4    3    2      1.451    120.600    175.200  0.25000     4
   8  CB    CP2     7    4    3      1.510    108.900    172.630  0.00000     5
   9  CG    CP2     8    7    4      1.500     99.260    318.500  0.00000     6
  10  CD    CP3     9    8    7      1.500    106.050     39.200  0.10000     7
  11  C     C       7    4    3      1.522    109.500    315.000  0.55000     8
  12  O     O      11    7    4      1.229    120.500      0.000 -0.55000     9
DONE
NCYS
   1  DUMM  DU      0   -1   -2      0.000      0.000      0.000  0.00000     0
   2  DUMM  DU      1    0   -1      1.449      0.000      0.000  0.00000     0
   3  DUMM  DU      2    1    0      1.522    111.100      0.000  0.00000     0
   4  N     NH3     3    2    1      1.335    116.600    180.000 -0.30000     1
   5  H1    HC      4    3    2      1.010    130.000      0.000  0.35000     2
   6  H2    HC      4    3    2      1.010     60.000     90.000  0.35000     3
   7  H3    HC      4    3    2      1.010     60.000    -90.000  0.35000     4
   8  CA    CT1     4    3    2      1.449    121.900    180.000  0.25000     5
   9  CB    CT2     8    4    3      1.525    111.100     60.000  0.19000     6
  10  SG    S       9    8    4      1.810    116.000    180.000 -0.19000     7
  11  C     C       8    4    3      1.522    111.100    180.000  0.55000     8
  12  O     O      11    8    4      1.229    120.500      0.000 -0.55000     9
DONE
NCYX
   1  DUMM  DU      0   -1   -2      0.000      0.000      0.000  0.00000     0
   2  DUMM  DU      1    0   -1      1.449      0.000      0.000  0.00000     0
   3  DUMM  DU      2    1    0      1.522    111.100      0.000  0.00000     0
   4  N     NH3     3    2    1      1.335    116.600    180.000 -0.30000     1
   5  H1    HC      4    3    2      1.010    130.000      0.000  0.35000     2
   6  H2    HC      4    3    2      1.010     60.000     90.000  0.35000     3
   7  H3    HC      4    3    2      1.010     60.000    -90.000  0.35000     4
   8  CA    CT1     4    3    2      1.449    121.900    180.000  0.25000     5
   9  CB    CT2     8    4    3      1.525    111.100     60.000 -0.19000     6
  10  SG    S       9    8    4      1.810    116.000    180.000 -0.19000     7
  11  C     C       8    4    3      1.522    111.100    180.000  0.55000     8
  12  O     O      11    8    4      1.229    120.500      0.000 -0.55000     9
DONE
NMET
   1  DUMM  DU      0   -1   -2      0.000      0.000      0.000  0.00000     0
   2  DUMM  DU      1    0   -1      1.449      0.000      0.000  0.00000     0
   3  DUMM  DU      2    1    0      1.522    111.100      0.000  0.00000     0
   4  N     NH3     3    2    1      1.335    116.600    180.000 -0.30000     1
   5  H1    HC      4    3    2      1.010    130.000      0.000  0.35000     2
   6  H2    HC      4    3    2      1.010     60.000     90.000  0.35000     3
   7  H3    HC      4    3    2      1.010     60.000    -90.000  0.35000     4
   8  CA    CT1     4    3    2      1.449    121.900    180.000  0.25000     5
   9  CB    CT2     8    4    3      1.525    111.100     60.000  0.00000     6
  10  CG    CT2     9    8    4      1.525    109.470    180.000  0.06000     7
  11  SD    S      10    9    8      1.810    110.000    180.000 -0.12000     8
  12  CE    CT3    11   10    9      1.780    100.000    180.000  0.06000     9
  13  C     C       8    4    3      1.522    111.100    180.000  0.55000    10
  14  O     O      13    8    4      1.229    120.500      0.000 -0.55000    11
DONE
NPTR 
   1  DUMM  DU      0   -1   -2      0.000      0.000      0.000  0.00000     0
   2  DUMM  DU      1    0   -1      1.449      0.000      0.000  0.00000     0
   3  DUMM  DU      2    1    0      1.522    111.100      0.000  0.00000     0
   4  N     NH3     3    2    1      1.335    116.600    180.000 -0.30000     1
   5  H1    HC      4    3    2      1.010    130.000      0.000  0.35000     2
   6  H2    HC      4    3    2      1.010     60.000     90.000  0.35000     3
   7  H3    HC      4    3    2      1.010     60.000    -90.000  0.35000     4
   8  CA    CT1     4    3    2      1.449    121.900    180.000  0.25000     5
   9  CB    CT2     8    4    3      1.525    111.100     60.000  0.00000     6
  10  CG    CA      9    8    4      1.510    109.470    180.000  0.00000     7
  11  CD1   CA     10    9    8      1.400    120.000    180.000  0.00000     8
  12  CE1   CA     11   10    9      1.400    120.000    180.000  0.00000     9
  13  CZ    CA     12   11   10      1.400    120.000      0.000 -0.28000    10
  14  OH    ON2B   13   12   11      1.360    120.000    180.000 -0.28000    11
  15  P     P      14   13   12      1.550    120.000      0.000  1.44000    12
  16  O1P   ON3    15   14   13      1.500    109.470      0.000 -0.96000    13
  17  O2P   ON3    15   14   13      1.500    109.470    120.000 -0.96000    14
  18  O3P   ON3    15   14   13      1.500    109.470   -120.000 -0.96000    15
  19  CE2   CA     13   12   11      1.400    120.000      0.000  0.00000    16
  20  CD2   CA     19   13   12      1.400    120.000      0.000  0.00000    17
  21  C     C       8    4    3      1.522    111.100    180.000  0.55000    18
  22  O     O      21    8    4      1.229    120.500      0.000 -0.55000    19
DONE
NSEP 
   1  DUMM  DU      0   -1   -2      0.000      0.000      0.000  0.00000     0
   2  DUMM  DU      1    0   -1      1.449      0.000      0.000  0.00000     0
   3  DUMM  DU      2    1    0      1.522    111.100      0.000  0.00000     0
   4  N     NH3     3    2    1      1.335    116.600    180.000 -0.30000     1
   5  H1    HC      4    3    2      1.010    119.800      0.000  0.35000     2
   6  H2    HC      4    3    2      1.010    119.800      0.000  0.35000     3
   7  H3    HC      4    3    2      1.010    119.800      0.000  0.35000     4
   8  CA    CT1     4    3    2      1.449    121.900    180.000  0.25000     5
   9  CB    CT2     8    4    3      1.525    111.100     60.000  0.00000     6
  10  OG    ON2B    9    8    4      1.360    120.000    180.000 -0.40000     7
  11  P     P      10    9    8      1.550    120.000      0.000  1.10000     8
  12  O1P   ON3    11   10    9      1.500    109.470      0.000 -0.90000     9
  13  O2P   ON3    11   10    9      1.500    109.470    120.000 -0.90000    10
  14  O3P   ON3    11   10    9      1.500    109.470   -120.000 -0.90000    11
  15  C     C       8    4    3      1.522    111.100    180.000  0.55000    12
  16  O     O      15    8    4      1.229    120.500      0.000 -0.55000    13
DONE
NTPO 
   1  DUMM  DU      0   -1   -2      0.000      0.000      0.000  0.00000     0
   2  DUMM  DU      1    0   -1      1.449      0.000      0.000  0.00000     0
   3  DUMM  DU      2    1    0      1.522    111.100      0.000  0.00000     0
   4  N     NH3     3    2    1      1.335    116.600    180.000 -0.30000     1
   5  H1    HC      4    3    2      1.010    119.800      0.000  0.35000     2
   6  H2    HC      4    3    2      1.010    119.800      0.000  0.35000     3
   7  H3    HC      4    3    2      1.010    119.800      0.000  0.35000     4
   8  CA    CT1     4    3    2      1.449    121.900    180.000  0.25000     5
   9  CB    CT1     8    4    3      1.525    111.100     60.000  0.00000     6
  10  CG2   CT3     9    8    4      1.525    109.470    300.000  0.00000     7
  11  OG1   ON2B   10    9    4      1.360    120.000    180.000 -0.40000     8
  12  P     P      11   10    9      1.550    120.000      0.000  1.10000     9
  13  O1P   ON3    12   11   10      1.500    109.470      0.000 -0.90000    10
  14  O2P   ON3    12   11   10      1.500    109.470    120.000 -0.90000    11
  15  O3P   ON3    12   11   10      1.500    109.470   -120.000 -0.90000    12
  16  C     C       8    4    3      1.522    111.100    180.000  0.55000    13
  17  O     O      16    8    4      1.229    120.500      0.000 -0.55000    14
DONE
NACE 
   1  DUMM  DU      0   -1   -2      0.000      0.000      0.000  0.00000     0
   2  DUMM  DU      1    0   -1      1.000      0.000      0.000  0.00000     0
   3  DUMM  DU      2    1    0      1.000     90.000      0.000  0.00000     0
   4  CH3   CT3     3    2    1      1.090     90.000    180.000  0.00000     1
   5  C     C       4    3    2      1.530    111.100    180.000  0.55000     2
   6  O     O       5    4    3      1.229    120.500      0.000 -0.55000     3
DONE
